roll black pink score height start
1 4 1 5 1 0
2 3 4 10 1 0
3 4 4 20 1 0
4 3 1 5 1 0
5 5 1 10 1 0
6 2 4 5 1 0
7 3 2 5 1 0
8 2 5 10 1 0
9 4 1 5 1 0
10 3 4 10 1 0
11 2 2 1 1 0
12 1 1 1 1 0
13 4 4 20 1 0
14 3 3 20 1 0
15 2 4 5 1 0
16 4 5 15 1 0
17 1 4 5 1 0
18 4 2 5 1 0
19 2 2 1 1 0
20 1 2 0 1 0
21 1 1 1 1 0
22 2 4 5 1 0
23 1 2 0 1 0
24 1 1 1 1 0
25 4 2 5 1 0
26 1 4 5 1 0
27 4 4 20 1 0
28 2 1 0 1 0
29 3 1 5 1 0
30 2 4 5 1 0
31 4 2 5 1 0
32 3 4 10 1 0
33 4 2 5 1 0
34 2 3 5 1 0
35 2 1 0 1 0
36 2 4 5 1 0
37 1 4 5 1 0
38 2 2 1 1 0
39 4 4 20 1 0
40 1 4 5 1 0
41 1 2 0 1 0
42 4 4 20 1 0
43 1 6 15 1 0
44 2 1 0 1 0
45 1 2 0 1 0
46 2 1 0 1 0
47 1 1 1 1 0
48 1 1 1 1 0
49 2 4 5 1 0
50 1 1 1 1 0
51 4 2 5 1 0
52 4 1 5 1 0
53 1 3 5 1 0
54 5 2 10 1 0
55 1 1 1 1 0
56 2 2 1 1 0
57 1 2 0 1 0
58 2 1 0 1 0
59 1 2 0 1 0
60 2 2 1 1 0
61 3 1 5 1 0
62 1 2 0 1 0
63 4 2 5 1 0
64 1 2 0 1 0
65 4 1 5 1 0
66 2 6 15 1 0
67 2 1 0 1 0
68 1 1 1 1 0
69 1 1 1 1 0
70 2 2 1 1 0
71 2 2 1 1 0
72 2 2 1 1 0
73 1 1 1 1 0
74 2 1 0 1 0
75 1 1 1 1 0
76 2 2 1 1 0
77 1 4 5 1 0
78 1 4 5 1 0
79 2 4 5 1 0
80 2 2 1 1 0
81 2 2 1 1 0
82 2 2 1 1 0
83 5 4 15 1 0
84 2 2 1 1 0
85 1 2 0 1 0
86 4 2 5 1 0
87 4 3 10 1 0
88 2 1 0 1 0
89 2 2 1 1 0
90 1 2 0 1 0
91 4 4 20 1 0
92 1 1 1 1 0
93 4 2 5 1 0
94 4 1 5 1 0
95 2 4 5 1 0
96 1 1 1 1 0
97 2 2 1 1 0
98 4 4 20 1 0
99 4 2 5 1 0
100 4 2 5 1 0
101 3 4 10 1 0
102 4 2 5 1 0
103 1 1 1 1 0
104 4 2 5 1 0
105 1 1 1 1 0
106 2 2 1 1 0
107 1 4 5 1 0
108 3 4 10 1 0
109 2 4 5 1 0
110 4 6 20 1 0
111 2 3 5 1 0
112 2 1 0 1 0
113 2 5 10 1 0
114 1 5 10 1 0
115 4 4 20 1 0
116 2 1 0 1 0
117 3 3 20 1 0
118 4 2 5 1 0
119 1 1 1 1 0
120 1 2 0 1 0
121 2 1 0 1 0
122 2 2 1 1 0
123 2 1 0 1 0
124 1 3 5 1 0
125 1 6 15 1 0
126 2 1 0 1 0
127 4 1 5 1 0
128 4 4 20 1 0
129 1 5 10 1 0
130 1 1 1 1 0
131 1 5 10 1 0
132 2 2 1 1 0
133 2 1 0 1 0
134 2 5 10 1 0
135 1 2 0 1 0
136 2 4 5 1 0
137 2 1 0 1 0
138 3 4 10 1 0
139 3 2 5 1 0
140 4 2 5 1 0
141 2 4 5 1 0
142 2 1 0 1 0
143 3 1 5 1 0
144 2 2 1 1 0
145 2 4 5 1 0
146 4 3 10 1 0
147 4 4 20 1 0
148 1 1 1 1 0
149 5 1 10 1 0
150 4 3 10 1 0
151 4 1 5 1 0
152 2 1 0 1 0
153 3 2 5 1 0
154 4 1 5 1 0
155 1 4 5 1 0
156 1 1 1 1 0
157 2 2 1 1 0
158 1 4 5 1 0
159 4 1 5 1 0
160 1 1 1 1 0
161 2 3 5 1 0
162 2 4 5 1 0
163 3 3 20 1 0
164 1 1 1 1 0
165 1 2 0 1 0
166 2 1 0 1 0
167 1 1 1 1 0
168 4 4 20 1 0
169 1 4 5 1 0
170 1 1 1 1 0
171 4 4 20 1 0
172 2 2 1 1 0
173 2 1 0 1 0
174 4 1 5 1 0
175 2 2 1 1 0
176 1 2 0 1 0
177 1 1 1 1 0
178 4 2 5 1 0
179 1 2 0 1 0
180 1 1 1 1 0
181 2 2 1 1 0
182 2 1 0 1 0
183 4 2 5 1 0
184 3 1 5 1 0
185 4 2 5 1 0
186 4 1 5 1 0
187 1 1 1 1 0
188 1 1 1 1 0
189 2 4 5 1 0
190 1 4 5 1 0
191 2 1 0 1 0
192 1 1 1 1 0
193 4 2 5 1 0
194 2 2 1 1 0
195 1 1 1 1 0
196 4 4 20 1 0
197 1 2 0 1 0
198 1 1 1 1 0
199 4 2 5 1 0
200 1 1 1 1 0
201 3 1 5 1 0
202 4 1 5 1 0
203 4 1 5 1 0
204 3 4 10 1 0
205 1 2 0 1 0
206 1 1 1 1 0
207 2 1 0 1 0
208 3 4 10 1 0
209 1 4 5 1 0
210 3 4 10 1 0
211 1 1 1 1 0
212 5 3 15 1 0
213 1 1 1 1 0
214 3 2 5 1 0
215 1 2 0 1 0
216 1 2 0 1 0
217 2 2 1 1 0
218 1 2 0 1 0
219 1 4 5 1 0
220 4 2 5 1 0
221 2 3 5 1 0
222 2 1 0 1 0
223 2 4 5 1 0
224 4 4 20 1 0
225 1 2 0 1 0
226 1 1 1 1 0
227 3 4 10 1 0
228 4 3 10 1 0
229 3 4 10 1 0
230 4 2 5 1 0
231 4 4 20 1 0
232 3 1 5 1 0
233 2 3 5 1 0
234 2 6 15 1 0
235 2 1 0 1 0
236 1 2 0 1 0
237 2 4 5 1 0
238 1 2 0 1 0
239 4 3 10 1 0
240 2 1 0 1 0
241 3 2 5 1 0
242 3 2 5 1 0
243 1 4 5 1 0
244 1 4 5 1 0
245 5 4 15 1 0
246 1 3 5 1 0
247 1 1 1 1 0
248 3 4 10 1 0
249 1 2 0 1 0
250 4 1 5 1 0
251 2 3 5 1 0
252 2 1 0 1 0
253 1 2 0 1 0
254 2 3 5 1 0
255 4 4 20 1 0
256 2 2 1 1 0
257 4 2 5 1 0
258 2 2 1 1 0
259 2 2 1 1 0
260 1 2 0 1 0
261 4 1 5 1 0
262 5 1 10 1 0
263 3 2 5 1 0
264 3 2 5 1 0
265 1 2 0 1 0
266 2 4 5 1 0
267 1 4 5 1 0
268 2 5 10 1 0
269 2 2 1 1 0
270 1 4 5 1 0
271 2 2 1 1 0
272 4 2 5 1 0
273 5 2 10 1 0
274 1 2 0 1 0
275 5 2 10 1 0
276 1 2 0 1 0
277 2 2 1 1 0
278 1 1 1 1 0
279 1 1 1 1 0
280 4 2 5 1 0
281 1 1 1 1 0
282 2 1 0 1 0
283 2 6 15 1 0
284 1 5 10 1 0
285 5 3 15 1 0
286 3 1 5 1 0
287 2 4 5 1 0
288 2 2 1 1 0
289 4 1 5 1 0
290 1 2 0 1 0
291 3 2 5 1 0
292 2 3 5 1 0
293 2 4 5 1 0
294 2 2 1 1 0
295 3 4 10 1 0
296 1 2 0 1 0
297 5 3 15 1 0
298 2 2 1 1 0
299 1 2 0 1 0
300 2 4 5 1 0
301 2 2 1 1 0
302 2 1 0 1 0
303 1 4 5 1 0
304 2 4 5 1 0
305 2 4 5 1 0
306 3 2 5 1 0
307 2 2 1 1 0
308 1 2 0 1 0
309 2 2 1 1 0
310 2 2 1 1 0
311 2 2 1 1 0
312 2 4 5 1 0
313 4 1 5 1 0
314 1 2 0 1 0
315 4 1 5 1 0
316 4 4 20 1 0
317 5 4 15 1 0
318 2 1 0 1 0
319 4 2 5 1 0
320 3 4 10 1 0
321 2 2 1 1 0
322 2 1 0 1 0
323 3 4 10 1 0
324 2 2 1 1 0
325 1 1 1 1 0
326 2 1 0 1 0
327 4 1 5 1 0
328 4 2 5 1 0
329 1 2 0 1 0
330 2 6 15 1 0
331 5 4 15 1 0
332 1 2 0 1 0
333 2 1 0 1 0
334 1 2 0 1 0
335 1 2 0 1 0
336 1 4 5 1 0
337 1 2 0 1 0
338 1 1 1 1 0
339 4 4 20 1 0
340 1 3 5 1 0
341 2 1 0 1 0
342 3 1 5 1 0
343 1 1 1 1 0
344 2 2 1 1 0
345 2 1 0 1 0
346 2 1 0 1 0
347 1 2 0 1 0
348 3 3 20 1 0
349 2 2 1 1 0
350 5 4 15 1 0
351 1 4 5 1 0
352 2 1 0 1 0
353 4 2 5 1 0
354 3 2 5 1 0
355 1 4 5 1 0
356 3 2 5 1 0
357 1 2 0 1 0
358 1 4 5 1 0
359 1 1 1 1 0
360 2 2 1 1 0
361 3 4 10 1 0
362 4 2 5 1 0
363 2 4 5 1 0
364 3 4 10 1 0
365 1 1 1 1 0
366 2 4 5 1 0
367 1 1 1 1 0
368 1 2 0 1 0
369 2 2 1 1 0
370 1 2 0 1 0
371 4 1 5 1 0
372 2 2 1 1 0
373 2 4 5 1 0
374 1 1 1 1 0
375 1 1 1 1 0
376 1 4 5 1 0
377 1 2 0 1 0
378 1 2 0 1 0
379 2 3 5 1 0
380 1 2 0 1 0
381 1 1 1 1 0
382 1 4 5 1 0
383 4 4 20 1 0
384 2 2 1 1 0
385 4 4 20 1 0
386 3 1 5 1 0
387 2 4 5 1 0
388 4 1 5 1 0
389 4 2 5 1 0
390 4 1 5 1 0
391 4 2 5 1 0
392 2 1 0 1 0
393 2 4 5 1 0
394 1 1 1 1 0
395 4 4 20 1 0
396 1 4 5 1 0
397 5 1 10 1 0
398 1 4 5 1 0
399 2 1 0 1 0
400 3 4 10 1 0
401 1 4 5 1 0
402 2 1 0 1 0
403 1 1 1 1 0
404 1 5 10 1 0
405 2 4 5 1 0
406 1 1 1 1 0
407 2 4 5 1 0
408 3 1 5 1 0
409 2 2 1 1 0
410 4 1 5 1 0
411 1 2 0 1 0
412 4 1 5 1 0
413 3 2 5 1 0
414 1 2 0 1 0
415 5 1 10 1 0
416 4 2 5 1 0
417 1 1 1 1 0
418 4 2 5 1 0
419 4 4 20 1 0
420 2 2 1 1 0
421 1 5 10 1 0
422 2 3 5 1 0
423 3 4 10 1 0
424 2 3 5 1 0
425 4 2 5 1 0
426 5 3 15 1 0
427 1 1 1 1 0
428 1 2 0 1 0
429 3 2 5 1 0
430 2 4 5 1 0
431 3 2 5 1 0
432 2 4 5 1 0
433 2 4 5 1 0
434 1 1 1 1 0
435 1 4 5 1 0
436 4 2 5 1 0
437 2 4 5 1 0
438 4 2 5 1 0
439 4 1 5 1 0
440 3 2 5 1 0
441 1 4 5 1 0
442 4 3 10 1 0
443 2 4 5 1 0
444 5 4 15 1 0
445 4 2 5 1 0
446 4 4 20 1 0
447 4 1 5 1 0
448 1 2 0 1 0
449 4 4 20 1 0
450 1 3 5 1 0
451 2 2 1 1 0
452 4 3 10 1 0
453 4 2 5 1 0
454 2 2 1 1 0
455 1 1 1 1 0
456 2 2 1 1 0
457 1 2 0 1 0
458 2 2 1 1 0
459 3 1 5 1 0
460 2 2 1 1 0
461 5 2 10 1 0
462 2 1 0 1 0
463 1 1 1 1 0
464 2 2 1 1 0
465 4 4 20 1 0
466 1 5 10 1 0
467 2 1 0 1 0
468 2 4 5 1 0
469 2 1 0 1 0
470 2 1 0 1 0
471 4 4 20 1 0
472 1 1 1 1 0
473 1 2 0 1 0
474 4 2 5 1 0
475 2 1 0 1 0
476 1 1 1 1 0
477 1 2 0 1 0
478 4 3 10 1 0
479 1 2 0 1 0
480 1 2 0 1 0
481 1 4 5 1 0
482 3 5 15 1 0
483 3 2 5 1 0
484 1 4 5 1 0
485 1 3 5 1 0
486 2 2 1 1 0
487 3 1 5 1 0
488 3 2 5 1 0
489 1 1 1 1 0
490 3 3 20 1 0
491 1 1 1 1 0
492 3 2 5 1 0
493 2 1 0 1 0
494 1 4 5 1 0
495 1 4 5 1 0
496 2 2 1 1 0
497 2 1 0 1 0
498 1 4 5 1 0
499 2 1 0 1 0
500 2 4 5 1 0
501 3 1 5 1 0
502 1 1 1 1 0
503 1 2 0 1 0
504 2 4 5 1 0
505 4 4 20 1 0
506 2 1 0 1 0
507 2 1 0 1 0
508 2 1 0 1 0
509 1 2 0 1 0
510 4 1 5 1 0
511 5 4 15 1 0
512 3 3 20 1 0
513 4 3 10 1 0
514 2 2 1 1 0
515 2 2 1 1 0
516 2 2 1 1 0
517 4 4 20 1 0
518 2 1 0 1 0
519 2 2 1 1 0
520 2 2 1 1 0
521 1 2 0 1 0
522 1 4 5 1 0
523 2 1 0 1 0
524 1 1 1 1 0
525 3 4 10 1 0
526 1 2 0 1 0
527 2 3 5 1 0
528 3 1 5 1 0
529 1 4 5 1 0
530 4 2 5 1 0
531 4 1 5 1 0
532 3 2 5 1 0
533 2 3 5 1 0
534 2 4 5 1 0
535 4 5 15 1 0
536 2 3 5 1 0
537 2 4 5 1 0
538 4 3 10 1 0
539 5 1 10 1 0
540 4 2 5 1 0
541 1 1 1 1 0
542 4 2 5 1 0
543 4 2 5 1 0
544 1 1 1 1 0
545 1 4 5 1 0
546 2 1 0 1 0
547 4 2 5 1 0
548 2 2 1 1 0
549 3 2 5 1 0
550 4 2 5 1 0
551 1 1 1 1 0
552 3 2 5 1 0
553 2 3 5 1 0
554 1 2 0 1 0
555 1 2 0 1 0
556 4 1 5 1 0
557 1 1 1 1 0
558 4 4 20 1 0
559 1 1 1 1 0
560 1 1 1 1 0
561 3 2 5 1 0
562 4 4 20 1 0
563 4 2 5 1 0
564 1 3 5 1 0
565 4 4 20 1 0
566 1 5 10 1 0
567 1 4 5 1 0
568 2 2 1 1 0
569 1 1 1 1 0
570 1 2 0 1 0
571 1 2 0 1 0
572 1 2 0 1 0
573 2 2 1 1 0
574 3 4 10 1 0
575 2 3 5 1 0
576 2 4 5 1 0
577 1 2 0 1 0
578 4 2 5 1 0
579 2 4 5 1 0
580 2 4 5 1 0
581 2 2 1 1 0
582 2 5 10 1 0
583 7 7 -1 1 0
584 1 2 0 1 0
585 2 1 0 1 0
586 3 1 5 1 0
587 3 1 5 1 0
588 3 1 5 1 0
589 3 1 5 1 0
590 2 4 5 1 0
591 2 1 0 1 0
592 4 4 20 1 0
593 1 2 0 1 0
594 2 1 0 1 0
595 3 5 15 1 0
596 4 4 20 1 0
597 3 1 5 1 0
598 1 1 1 1 0
599 2 1 0 1 0
600 1 2 0 1 0
601 1 2 0 1 0
602 1 3 5 1 0
603 2 4 5 1 0
604 1 1 1 1 0
605 1 1 1 1 0
606 4 1 5 1 0
607 2 3 5 1 0
608 3 1 5 1 0
609 1 4 5 1 0
610 4 4 20 1 0
611 3 2 5 1 0
612 1 4 5 1 0
613 3 4 10 1 0
614 1 1 1 1 0
615 4 2 5 1 0
616 1 1 1 1 0
617 1 2 0 1 0
618 2 3 5 1 0
619 2 2 1 1 0
620 3 1 5 1 0
621 1 2 0 1 0
622 1 4 5 1 0
623 1 1 1 1 0
624 1 5 10 1 0
625 2 2 1 1 0
626 5 4 15 1 0
627 2 3 5 1 0
628 2 4 5 1 0
629 4 4 20 1 0
630 4 2 5 1 0
631 4 1 5 1 0
632 4 1 5 1 0
633 1 1 1 1 0
634 2 4 5 1 0
635 2 2 1 1 0
636 1 3 5 1 0
637 2 4 5 1 0
638 1 1 1 1 0
639 4 2 5 1 0
640 1 2 0 1 0
641 4 4 20 1 0
642 1 5 10 1 0
643 3 2 5 1 0
644 2 2 1 1 0
645 1 2 0 1 0
646 1 2 0 1 0
647 1 2 0 1 0
648 4 3 10 1 0
649 2 1 0 1 0
650 2 3 5 1 0
651 7 7 -1 1 0
652 2 2 1 1 0
653 2 3 5 1 0
654 4 2 5 1 0
655 5 3 15 1 0
656 4 1 5 1 0
657 1 4 5 1 0
658 5 1 10 1 0
659 2 1 0 1 0
660 1 3 5 1 0
661 5 1 10 1 0
662 2 1 0 1 0
663 2 4 5 1 0
664 5 1 10 1 0
665 1 1 1 1 0
666 2 1 0 1 0
667 2 1 0 1 0
668 1 4 5 1 0
669 5 3 15 1 0
670 4 1 5 1 0
671 4 3 10 1 0
672 1 1 1 1 0
673 2 3 5 1 0
674 4 4 20 1 0
675 2 4 5 1 0
676 1 1 1 1 0
677 1 4 5 1 0
678 2 1 0 1 0
679 5 2 10 1 0
680 2 4 5 1 0
681 4 2 5 1 0
682 4 3 10 1 0
683 1 4 5 1 0
684 2 4 5 1 0
685 2 3 5 1 0
686 1 4 5 1 0
687 1 4 5 1 0
688 2 1 0 1 0
689 4 2 5 1 0
690 1 4 5 1 0
691 4 1 5 1 0
692 1 2 0 1 0
693 1 2 0 1 0
694 6 1 15 1 0
695 3 1 5 1 0
696 5 4 15 1 0
697 1 2 0 1 0
698 1 4 5 1 0
699 3 2 5 1 0
700 4 1 5 1 0
701 4 3 10 1 0
702 4 2 5 1 0
703 3 1 5 1 0
704 2 3 5 1 0
705 2 3 5 1 0
706 4 2 5 1 0
707 1 2 0 1 0
708 4 1 5 1 0
709 4 3 10 1 0
710 1 2 0 1 0
711 4 1 5 1 0
712 2 2 1 1 0
713 1 3 5 1 0
714 1 2 0 1 0
715 2 2 1 1 0
716 1 4 5 1 0
717 2 4 5 1 0
718 2 2 1 1 0
719 1 1 1 1 0
720 1 3 5 1 0
721 1 2 0 1 0
722 1 2 0 1 0
723 1 2 0 1 0
724 2 1 0 1 0
725 3 4 10 1 0
726 4 1 5 1 0
727 2 2 1 1 0
728 4 1 5 1 0
729 1 2 0 1 0
730 2 2 1 1 0
731 1 4 5 1 0
732 1 4 5 1 0
733 2 2 1 1 0
734 1 1 1 1 0
735 3 1 5 1 0
736 1 3 5 1 0
737 2 4 5 1 0
738 1 2 0 1 0
739 1 1 1 1 0
740 4 1 5 1 0
741 2 2 1 1 0
742 4 2 5 1 0
743 4 2 5 1 0
744 1 4 5 1 0
745 1 2 0 1 0
746 3 3 20 1 0
747 4 4 20 1 0
748 2 1 0 1 0
749 2 4 5 1 0
750 1 2 0 1 0
751 3 4 10 1 0
752 5 2 10 1 0
753 4 1 5 1 0
754 2 1 0 1 0
755 1 1 1 1 0
756 2 4 5 1 0
757 1 4 5 1 0
758 2 2 1 1 0
759 1 4 5 1 0
760 2 2 1 1 0
761 2 1 0 1 0
762 5 1 10 1 0
763 1 4 5 1 0
764 2 4 5 1 0
765 1 1 1 1 0
766 4 2 5 1 0
767 1 2 0 1 0
768 2 4 5 1 0
769 1 2 0 1 0
770 1 1 1 1 0
771 3 2 5 1 0
772 2 4 5 1 0
773 4 4 20 1 0
774 3 1 5 1 0
775 4 2 5 1 0
776 1 1 1 1 0
777 3 2 5 1 0
778 1 2 0 1 0
779 4 4 20 1 0
780 1 2 0 1 0
781 3 4 10 1 0
782 4 2 5 1 0
783 2 5 10 1 0
784 4 2 5 1 0
785 1 2 0 1 0
786 4 1 5 1 0
787 3 4 10 1 0
788 2 2 1 1 0
789 4 4 20 1 0
790 2 6 15 1 0
791 1 2 0 1 0
792 1 4 5 1 0
793 2 1 0 1 0
794 4 2 5 1 0
795 1 1 1 1 0
796 1 2 0 1 0
797 3 3 20 1 0
798 4 2 5 1 0
799 1 2 0 1 0
800 4 2 5 1 0
801 2 2 1 1 0
802 5 3 15 1 0
803 2 5 10 1 0
804 1 1 1 1 0
805 2 2 1 1 0
806 4 2 5 1 0
807 1 1 1 1 0
808 4 2 5 1 0
809 1 4 5 1 0
810 4 1 5 1 0
811 4 1 5 1 0
812 1 4 5 1 0
813 1 2 0 1 0
814 1 1 1 1 0
815 2 2 1 1 0
816 2 1 0 1 0
817 5 2 10 1 0
818 4 1 5 1 0
819 2 4 5 1 0
820 1 1 1 1 0
821 2 2 1 1 0
822 2 4 5 1 0
823 1 1 1 1 0
824 4 3 10 1 0
825 2 6 15 1 0
826 4 1 5 1 0
827 4 3 10 1 0
828 1 4 5 1 0
829 2 1 0 1 0
830 2 2 1 1 0
831 3 4 10 1 0
832 1 1 1 1 0
833 3 1 5 1 0
834 1 4 5 1 0
835 5 4 15 1 0
836 3 4 10 1 0
837 2 1 0 1 0
838 1 5 10 1 0
839 2 1 0 1 0
840 2 1 0 1 0
841 2 4 5 1 0
842 4 1 5 1 0
843 1 2 0 1 0
844 5 5 40 1 0
845 4 1 5 1 0
846 1 4 5 1 0
847 3 1 5 1 0
848 2 1 0 1 0
849 2 4 5 1 0
850 4 5 15 1 0
851 2 2 1 1 0
852 1 4 5 1 0
853 1 4 5 1 0
854 2 2 1 1 0
855 2 1 0 1 0
856 2 3 5 1 0
857 1 1 1 1 0
858 2 2 1 1 0
859 2 4 5 1 0
860 1 4 5 1 0
861 1 4 5 1 0
862 5 2 10 1 0
863 2 4 5 1 0
864 1 1 1 1 0
865 2 3 5 1 0
866 1 6 15 1 0
867 3 2 5 1 0
868 4 2 5 1 0
869 1 3 5 1 0
870 1 1 1 1 0
871 4 1 5 1 0
872 2 1 0 1 0
873 4 2 5 1 0
874 2 2 1 1 0
875 1 3 5 1 0
876 2 2 1 1 0
877 4 2 5 1 0
878 1 2 0 1 0
879 1 2 0 1 0
880 4 1 5 1 0
881 4 2 5 1 0
882 4 4 20 1 0
883 2 1 0 1 0
884 2 2 1 1 0
885 3 2 5 1 0
886 1 1 1 1 0
887 1 1 1 1 0
888 2 3 5 1 0
889 2 1 0 1 0
890 4 1 5 1 0
891 4 2 5 1 0
892 1 2 0 1 0
893 2 4 5 1 0
894 4 1 5 1 0
895 1 4 5 1 0
896 1 5 10 1 0
897 4 2 5 1 0
898 2 1 0 1 0
899 3 4 10 1 0
900 4 3 10 1 0
901 2 2 1 1 0
902 4 5 15 1 0
903 2 4 5 1 0
904 1 4 5 1 0
905 2 3 5 1 0
906 1 3 5 1 0
907 2 1 0 1 0
908 4 2 5 1 0
909 3 1 5 1 0
910 3 3 20 1 0
911 2 2 1 1 0
912 3 1 5 1 0
913 4 2 5 1 0
914 1 2 0 1 0
915 3 5 15 1 0
916 1 4 5 1 0
917 1 3 5 1 0
918 3 3 20 1 0
919 1 1 1 1 0
920 4 3 10 1 0
921 4 4 20 1 0
922 3 2 5 1 0
923 3 4 10 1 0
924 2 2 1 1 0
925 4 5 15 1 0
926 2 1 0 1 0
927 3 2 5 1 0
928 2 5 10 1 0
929 4 4 20 1 0
930 1 4 5 1 0
931 4 2 5 1 0
932 4 1 5 1 0
933 1 1 1 1 0
934 1 1 1 1 0
935 4 4 20 1 0
936 1 4 5 1 0
937 2 4 5 1 0
938 2 1 0 1 0
939 1 4 5 1 0
940 1 4 5 1 0
941 1 4 5 1 0
942 4 2 5 1 0
943 1 2 0 1 0
944 4 1 5 1 0
945 1 1 1 1 0
946 1 2 0 1 0
947 4 1 5 1 0
948 2 2 1 1 0
949 2 3 5 1 0
950 5 1 10 1 0
951 1 4 5 1 0
952 4 1 5 1 0
953 4 1 5 1 0
954 3 5 15 1 0
955 2 2 1 1 0
956 3 1 5 1 0
957 1 2 0 1 0
958 2 2 1 1 0
959 2 4 5 1 0
960 2 4 5 1 0
961 4 1 5 1 0
962 4 4 20 1 0
963 7 7 -1 1 0
964 1 1 1 1 0
965 3 4 10 1 0
966 1 2 0 1 0
967 3 3 20 1 0
968 1 2 0 1 0
969 1 2 0 1 0
970 2 2 1 1 0
971 2 4 5 1 0
972 4 2 5 1 0
973 1 2 0 1 0
974 4 2 5 1 0
975 2 2 1 1 0
976 4 1 5 1 0
977 2 1 0 1 0
978 2 2 1 1 0
979 2 3 5 1 0
980 1 3 5 1 0
981 2 1 0 1 0
982 2 1 0 1 0
983 3 2 5 1 0
984 2 1 0 1 0
985 2 2 1 1 0
986 3 4 10 1 0
987 4 1 5 1 0
988 4 2 5 1 0
989 2 3 5 1 0
990 2 2 1 1 0
991 4 1 5 1 0
992 3 1 5 1 0
993 2 3 5 1 0
994 2 2 1 1 0
995 3 5 15 1 0
996 2 3 5 1 0
997 2 1 0 1 0
998 2 1 0 1 0
999 1 2 0 1 0
1000 1 1 1 1 0
1001 2 4 5 1 0
1002 2 4 5 1 0
1003 1 1 1 1 0
1004 4 2 5 1 0
1005 2 4 5 1 0
1006 1 1 1 1 0
1007 4 1 5 1 0
1008 4 2 5 1 0
1009 4 2 5 1 0
1010 1 2 0 1 0
1011 2 4 5 1 0
1012 3 2 5 1 0
1013 4 4 20 1 0
1014 2 4 5 1 0
1015 2 5 10 1 0
1016 5 4 15 1 0
1017 1 2 0 1 0
1018 5 6 25 1 0
1019 2 3 5 1 0
1020 1 2 0 1 0
1021 1 1 1 1 0
1022 2 5 10 1 0
1023 1 3 5 1 0
1024 2 2 1 1 0
1025 3 1 5 1 0
1026 2 1 0 1 0
1027 4 4 20 1 0
1028 1 1 1 1 0
1029 2 2 1 1 0
1030 4 2 5 1 0
1031 2 2 1 1 0
1032 2 3 5 1 0
1033 4 2 5 1 0
1034 4 1 5 1 0
1035 1 2 0 1 0
1036 1 1 1 1 0
1037 1 4 5 1 0
1038 1 2 0 1 0
1039 1 5 10 1 0
1040 3 2 5 1 0
1041 2 2 1 1 0
1042 2 1 0 1 0
1043 1 2 0 1 0
1044 2 2 1 1 0
1045 3 3 20 1 0
1046 3 2 5 1 0
1047 2 4 5 1 0
1048 1 2 0 1 0
1049 2 4 5 1 0
1050 4 2 5 1 0
1051 4 3 10 1 0
1052 3 1 5 1 0
1053 2 4 5 1 0
1054 2 1 0 1 0
1055 1 1 1 1 0
1056 1 2 0 1 0
1057 2 2 1 1 0
1058 4 2 5 1 0
1059 3 4 10 1 0
1060 5 2 10 1 0
1061 4 5 15 1 0
1062 2 2 1 1 0
1063 4 2 5 1 0
1064 2 2 1 1 0
1065 4 4 20 1 0
1066 4 1 5 1 0
1067 4 1 5 1 0
1068 1 2 0 1 0
1069 6 4 20 1 0
1070 1 1 1 1 0
1071 2 2 1 1 0
1072 2 4 5 1 0
1073 5 1 10 1 0
1074 2 1 0 1 0
1075 2 3 5 1 0
1076 2 2 1 1 0
1077 2 5 10 1 0
1078 1 1 1 1 0
1079 2 4 5 1 0
1080 2 1 0 1 0
1081 1 3 5 1 0
1082 2 2 1 1 0
1083 2 4 5 1 0
1084 2 2 1 1 0
1085 2 2 1 1 0
1086 2 4 5 1 0
1087 4 4 20 1 0
1088 1 1 1 1 0
1089 4 3 10 1 0
1090 1 1 1 1 0
1091 1 3 5 1 0
1092 1 2 0 1 0
1093 2 2 1 1 0
1094 1 2 0 1 0
1095 2 6 15 1 0
1096 1 3 5 1 0
1097 1 2 0 1 0
1098 4 1 5 1 0
1099 1 4 5 1 0
1100 2 1 0 1 0
1101 4 1 5 1 0
1102 1 1 1 1 0
1103 1 1 1 1 0
1104 4 1 5 1 0
1105 2 1 0 1 0
1106 4 1 5 1 0
1107 2 4 5 1 0
1108 2 2 1 1 0
1109 2 1 0 1 0
1110 2 2 1 1 0
1111 4 2 5 1 0
1112 2 3 5 1 0
1113 1 1 1 1 0
1114 4 4 20 1 0
1115 1 1 1 1 0
1116 1 1 1 1 0
1117 4 3 10 1 0
1118 4 4 20 1 0
1119 1 2 0 1 0
1120 2 4 5 1 0
1121 5 5 40 1 0
1122 3 1 5 1 0
1123 2 4 5 1 0
1124 1 3 5 1 0
1125 1 4 5 1 0
1126 3 1 5 1 0
1127 1 4 5 1 0
1128 4 1 5 1 0
1129 2 4 5 1 0
1130 3 1 5 1 0
1131 4 2 5 1 0
1132 4 4 20 1 0
1133 4 2 5 1 0
1134 1 1 1 1 0
1135 1 2 0 1 0
1136 3 1 5 1 0
1137 2 4 5 1 0
1138 3 4 10 1 0
1139 4 2 5 1 0
1140 2 4 5 1 0
1141 2 4 5 1 0
1142 1 5 10 1 0
1143 4 1 5 1 0
1144 1 1 1 1 0
1145 2 1 0 1 0
1146 2 2 1 1 0
1147 2 3 5 1 0
1148 2 4 5 1 0
1149 2 1 0 1 0
1150 1 1 1 1 0
1151 5 4 15 1 0
1152 2 4 5 1 0
1153 4 2 5 1 0
1154 2 1 0 1 0
1155 4 1 5 1 0
1156 1 4 5 1 0
1157 2 4 5 1 0
1158 1 2 0 1 0
1159 4 4 20 1 0
1160 4 4 20 1 0
1161 1 1 1 1 0
1162 2 1 0 1 0
1163 1 1 1 1 0
1164 2 2 1 1 0
1165 1 4 5 1 0
1166 3 4 10 1 0
1167 2 1 0 1 0
1168 1 3 5 1 0
1169 1 2 0 1 0
1170 2 4 5 1 0
1171 2 3 5 1 0
1172 1 4 5 1 0
1173 4 1 5 1 0
1174 1 1 1 1 0
1175 4 4 20 1 0
1176 1 1 1 1 0
1177 2 1 0 1 0
1178 1 1 1 1 0
1179 1 2 0 1 0
1180 1 4 5 1 0
1181 1 2 0 1 0
1182 4 3 10 1 0
1183 4 2 5 1 0
1184 2 5 10 1 0
1185 4 2 5 1 0
1186 1 1 1 1 0
1187 2 1 0 1 0
1188 1 4 5 1 0
1189 4 3 10 1 0
1190 1 4 5 1 0
1191 1 4 5 1 0
1192 2 1 0 1 0
1193 4 1 5 1 0
1194 2 2 1 1 0
1195 1 2 0 1 0
1196 4 4 20 1 0
1197 2 4 5 1 0
1198 4 1 5 1 0
1199 1 1 1 1 0
1200 2 1 0 1 0
1201 2 2 1 1 0
1202 1 2 0 1 0
1203 3 1 5 1 0
1204 2 4 5 1 0
1205 2 4 5 1 0
1206 2 1 0 1 0
1207 4 4 20 1 0
1208 2 2 1 1 0
1209 1 2 0 1 0
1210 1 1 1 1 0
1211 1 1 1 1 0
1212 1 1 1 1 0
1213 2 1 0 1 0
1214 4 2 5 1 0
1215 4 1 5 1 0
1216 2 1 0 1 0
1217 1 2 0 1 0
1218 1 2 0 1 0
1219 2 1 0 1 0
1220 2 2 1 1 0
1221 2 1 0 1 0
1222 3 2 5 1 0
1223 4 2 5 1 0
1224 1 3 5 1 0
1225 2 3 5 1 0
1226 1 2 0 1 0
1227 2 2 1 1 0
1228 1 1 1 1 0
1229 2 1 0 1 0
1230 2 4 5 1 0
1231 2 2 1 1 0
1232 2 2 1 1 0
1233 2 1 0 1 0
1234 1 1 1 1 0
1235 4 1 5 1 0
1236 3 2 5 1 0
1237 3 1 5 1 0
1238 2 4 5 1 0
1239 5 2 10 1 0
1240 1 1 1 1 0
1241 2 4 5 1 0
1242 3 2 5 1 0
1243 1 1 1 1 0
1244 1 3 5 1 0
1245 4 1 5 1 0
1246 4 1 5 1 0
1247 2 2 1 1 0
1248 2 4 5 1 0
1249 1 1 1 1 0
1250 2 4 5 1 0
1251 2 4 5 1 0
1252 2 1 0 1 0
1253 2 1 0 1 0
1254 1 1 1 1 0
1255 4 3 10 1 0
1256 3 4 10 1 0
1257 2 2 1 1 0
1258 2 4 5 1 0
1259 1 1 1 1 0
1260 2 4 5 1 0
1261 4 1 5 1 0
1262 1 4 5 1 0
1263 3 1 5 1 0
1264 1 2 0 1 0
1265 2 4 5 1 0
1266 4 1 5 1 0
1267 1 2 0 1 0
1268 2 2 1 1 0
1269 3 3 20 1 0
1270 1 2 0 1 0
1271 4 3 10 1 0
1272 1 1 1 1 0
1273 4 1 5 1 0
1274 2 2 1 1 0
1275 1 2 0 1 0
1276 1 2 0 1 0
1277 4 4 20 1 0
1278 2 2 1 1 0
1279 3 4 10 1 0
1280 2 3 5 1 0
1281 2 3 5 1 0
1282 2 4 5 1 0
1283 2 1 0 1 0
1284 3 3 20 1 0
1285 4 2 5 1 0
1286 1 2 0 1 0
1287 1 2 0 1 0
1288 4 4 20 1 0
1289 2 2 1 1 0
1290 1 2 0 1 0
1291 1 1 1 1 0
1292 1 2 0 1 0
1293 1 2 0 1 0
1294 2 1 0 1 0
1295 1 4 5 1 0
1296 2 3 5 1 0
1297 2 4 5 1 0
1298 4 1 5 1 0
1299 1 2 0 1 0
1300 1 1 1 1 0
1301 4 1 5 1 0
1302 2 3 5 1 0
1303 1 4 5 1 0
1304 3 2 5 1 0
1305 1 4 5 1 0
1306 1 5 10 1 0
1307 2 4 5 1 0
1308 1 4 5 1 0
1309 1 4 5 1 0
1310 4 4 20 1 0
1311 1 2 0 1 0
1312 2 2 1 1 0
1313 3 1 5 1 0
1314 4 1 5 1 0
1315 3 1 5 1 0
1316 4 4 20 1 0
1317 4 4 20 1 0
1318 2 2 1 1 0
1319 3 2 5 1 0
1320 7 7 -1 1 0
1321 4 1 5 1 0
1322 4 3 10 1 0
1323 1 4 5 1 0
1324 1 2 0 1 0
1325 4 4 20 1 0
1326 1 1 1 1 0
1327 1 2 0 1 0
1328 3 4 10 1 0
1329 4 5 15 1 0
1330 3 1 5 1 0
1331 1 2 0 1 0
1332 1 2 0 1 0
1333 2 1 0 1 0
1334 2 2 1 1 0
1335 4 2 5 1 0
1336 1 1 1 1 0
1337 2 1 0 1 0
1338 1 1 1 1 0
1339 2 1 0 1 0
1340 4 2 5 1 0
1341 2 1 0 1 0
1342 2 2 1 1 0
1343 4 2 5 1 0
1344 2 4 5 1 0
1345 2 2 1 1 0
1346 1 4 5 1 0
1347 1 1 1 1 0
1348 2 4 5 1 0
1349 2 5 10 1 0
1350 2 1 0 1 0
1351 2 1 0 1 0
1352 2 1 0 1 0
1353 2 2 1 1 0
1354 1 1 1 1 0
1355 4 4 20 1 0
1356 2 4 5 1 0
1357 2 2 1 1 0
1358 4 2 5 1 0
1359 2 4 5 1 0
1360 2 2 1 1 0
1361 1 1 1 1 0
1362 1 2 0 1 0
1363 2 2 1 1 0
1364 1 1 1 1 0
1365 2 2 1 1 0
1366 4 5 15 1 0
1367 1 2 0 1 0
1368 1 2 0 1 0
1369 2 3 5 1 0
1370 2 2 1 1 0
1371 1 2 0 1 0
1372 4 1 5 1 0
1373 4 1 5 1 0
1374 1 4 5 1 0
1375 1 3 5 1 0
1376 2 2 1 1 0
1377 1 4 5 1 0
1378 1 2 0 1 0
1379 4 3 10 1 0
1380 1 4 5 1 0
1381 4 2 5 1 0
1382 2 3 5 1 0
1383 1 2 0 1 0
1384 2 5 10 1 0
1385 2 2 1 1 0
1386 3 1 5 1 0
1387 4 2 5 1 0
1388 2 2 1 1 0
1389 1 5 10 1 0
1390 4 5 15 1 0
1391 4 1 5 1 0
1392 3 2 5 1 0
1393 2 1 0 1 0
1394 2 4 5 1 0
1395 4 1 5 1 0
1396 2 2 1 1 0
1397 2 1 0 1 0
1398 2 4 5 1 0
1399 2 1 0 1 0
1400 7 7 -1 1 0
1401 1 1 1 1 0
1402 1 1 1 1 0
1403 1 1 1 1 0
1404 1 1 1 1 0
1405 4 2 5 1 0
1406 6 4 20 1 0
1407 2 2 1 1 0
1408 2 4 5 1 0
1409 7 7 -1 1 0
1410 2 2 1 1 0
1411 4 1 5 1 0
1412 2 1 0 1 0
1413 1 2 0 1 0
1414 2 3 5 1 0
1415 4 3 10 1 0
1416 4 4 20 1 0
1417 5 2 10 1 0
1418 5 3 15 1 0
1419 2 2 1 1 0
1420 1 2 0 1 0
1421 4 1 5 1 0
1422 2 4 5 1 0
1423 1 1 1 1 0
1424 4 3 10 1 0
1425 1 1 1 1 0
1426 1 2 0 1 0
1427 1 1 1 1 0
1428 1 3 5 1 0
1429 1 4 5 1 0
1430 1 1 1 1 0
1431 2 1 0 1 0
1432 1 2 0 1 0
1433 1 1 1 1 0
1434 1 2 0 1 0
1435 2 2 1 1 0
1436 2 2 1 1 0
1437 2 1 0 1 0
1438 2 2 1 1 0
1439 2 2 1 1 0
1440 4 2 5 1 0
1441 1 3 5 1 0
1442 3 2 5 1 0
1443 4 2 5 1 0
1444 1 2 0 1 0
1445 5 1 10 1 0
1446 2 1 0 1 0
1447 1 2 0 1 0
1448 5 4 15 1 0
1449 1 1 1 1 0
1450 2 1 0 1 0
1451 1 3 5 1 0
1452 1 4 5 1 0
1453 1 4 5 1 0
1454 2 3 5 1 0
1455 3 5 15 1 0
1456 1 1 1 1 0
1457 4 2 5 1 0
1458 2 2 1 1 0
1459 2 1 0 1 0
1460 6 1 15 1 0
1461 5 4 15 1 0
1462 5 1 10 1 0
1463 2 2 1 1 0
1464 2 1 0 1 0
1465 1 3 5 1 0
1466 4 4 20 1 0
1467 3 4 10 1 0
1468 2 1 0 1 0
1469 4 1 5 1 0
1470 1 1 1 1 0
1471 1 1 1 1 0
1472 2 4 5 1 0
1473 2 2 1 1 0
1474 4 2 5 1 0
1475 4 3 10 1 0
1476 3 2 5 1 0
1477 1 3 5 1 0
1478 3 4 10 1 0
1479 4 4 20 1 0
1480 6 2 15 1 0
1481 1 2 0 1 0
1482 3 3 20 1 0
1483 2 4 5 1 0
1484 4 2 5 1 0
1485 2 4 5 1 0
1486 1 2 0 1 0
1487 4 3 10 1 0
1488 4 1 5 1 0
1489 5 1 10 1 0
1490 4 1 5 1 0
1491 2 1 0 1 0
1492 2 4 5 1 0
1493 1 2 0 1 0
1494 1 2 0 1 0
1495 2 1 0 1 0
1496 4 4 20 1 0
1497 1 3 5 1 0
1498 1 1 1 1 0
1499 3 4 10 1 0
1500 1 1 1 1 0
1501 4 2 5 1 1
1502 4 2 5 1 1
1503 5 1 10 1 1
1504 1 4 5 1 1
1505 1 1 1 1 1
1506 1 1 1 1 1
1507 2 2 1 1 1
1508 1 1 1 1 1
1509 1 1 1 1 1
1510 2 2 1 1 1
1511 2 1 0 1 1
1512 2 1 0 1 1
1513 1 1 1 1 1
1514 6 6 60 1 1
1515 1 1 1 1 1
1516 3 3 20 1 1
1517 3 4 10 1 1
1518 4 4 20 1 1
1519 1 4 5 1 1
1520 2 2 1 1 1
1521 2 1 0 1 1
1522 1 2 0 1 1
1523 2 1 0 1 1
1524 2 6 15 1 1
1525 2 2 1 1 1
1526 2 3 5 1 1
1527 1 2 0 1 1
1528 2 2 1 1 1
1529 1 2 0 1 1
1530 1 2 0 1 1
1531 1 1 1 1 1
1532 3 6 20 1 1
1533 3 1 5 1 1
1534 2 4 5 1 1
1535 1 1 1 1 1
1536 2 1 0 1 1
1537 4 1 5 1 1
1538 1 2 0 1 1
1539 2 2 1 1 1
1540 2 1 0 1 1
1541 1 2 0 1 1
1542 3 4 10 1 1
1543 2 4 5 1 1
1544 2 2 1 1 1
1545 1 2 0 1 1
1546 4 1 5 1 1
1547 2 1 0 1 1
1548 1 3 5 1 1
1549 1 5 10 1 1
1550 2 4 5 1 1
1551 1 1 1 1 1
1552 2 1 0 1 1
1553 1 1 1 1 1
1554 2 4 5 1 1
1555 2 1 0 1 1
1556 4 1 5 1 1
1557 1 2 0 1 1
1558 1 4 5 1 1
1559 2 2 1 1 1
1560 2 2 1 1 1
1561 2 2 1 1 1
1562 4 1 5 1 1
1563 1 1 1 1 1
1564 1 4 5 1 1
1565 4 3 10 1 1
1566 2 1 0 1 1
1567 1 3 5 1 1
1568 2 2 1 1 1
1569 2 2 1 1 1
1570 1 1 1 1 1
1571 1 1 1 1 1
1572 2 2 1 1 1
1573 4 4 20 1 1
1574 1 1 1 1 1
1575 2 1 0 1 1
1576 4 4 20 1 1
1577 1 4 5 1 1
1578 2 2 1 1 1
1579 4 4 20 1 1
1580 1 4 5 1 1
1581 1 1 1 1 1
1582 2 4 5 1 1
1583 2 2 1 1 1
1584 3 2 5 1 1
1585 1 2 0 1 1
1586 2 1 0 1 1
1587 1 2 0 1 1
1588 2 3 5 1 1
1589 2 2 1 1 1
1590 1 1 1 1 1
1591 2 1 0 1 1
1592 4 2 5 1 1
1593 1 1 1 1 1
1594 3 1 5 1 1
1595 2 4 5 1 1
1596 2 2 1 1 1
1597 1 2 0 1 1
1598 2 2 1 1 1
1599 2 1 0 1 1
1600 3 3 20 1 1
1601 4 2 5 1 1
1602 4 2 5 1 1
1603 2 1 0 1 1
1604 3 3 20 1 1
1605 1 2 0 1 1
1606 3 2 5 1 1
1607 2 2 1 1 1
1608 2 5 10 1 1
1609 4 3 10 1 1
1610 2 1 0 1 1
1611 1 4 5 1 1
1612 1 4 5 1 1
1613 5 4 15 1 1
1614 1 1 1 1 1
1615 6 2 15 1 1
1616 1 1 1 1 1
1617 5 4 15 1 1
1618 4 1 5 1 1
1619 2 4 5 1 1
1620 2 4 5 1 1
1621 3 2 5 1 1
1622 3 1 5 1 1
1623 2 2 1 1 1
1624 2 4 5 1 1
1625 1 1 1 1 1
1626 2 1 0 1 1
1627 2 1 0 1 1
1628 2 1 0 1 1
1629 2 4 5 1 1
1630 3 2 5 1 1
1631 1 2 0 1 1
1632 2 2 1 1 1
1633 1 2 0 1 1
1634 1 3 5 1 1
1635 2 2 1 1 1
1636 4 1 5 1 1
1637 1 1 1 1 1
1638 1 4 5 1 1
1639 2 2 1 1 1
1640 4 2 5 1 1
1641 2 3 5 1 1
1642 2 2 1 1 1
1643 3 4 10 1 1
1644 1 1 1 1 1
1645 1 2 0 1 1
1646 3 4 10 1 1
1647 5 2 10 1 1
1648 1 1 1 1 1
1649 3 4 10 1 1
1650 1 4 5 1 1
1651 4 2 5 1 1
1652 3 2 5 1 1
1653 2 5 10 1 1
1654 1 1 1 1 1
1655 4 1 5 1 1
1656 3 5 15 1 1
1657 1 1 1 1 1
1658 1 1 1 1 1
1659 2 2 1 1 1
1660 1 2 0 1 1
1661 1 2 0 1 1
1662 5 1 10 1 1
1663 2 2 1 1 1
1664 3 3 20 1 1
1665 2 4 5 1 1
1666 5 2 10 1 1
1667 1 2 0 1 1
1668 1 3 5 1 1
1669 3 5 15 1 1
1670 3 1 5 1 1
1671 1 1 1 1 1
1672 1 1 1 1 1
1673 1 2 0 1 1
1674 1 4 5 1 1
1675 3 4 10 1 1
1676 2 2 1 1 1
1677 4 2 5 1 1
1678 1 4 5 1 1
1679 2 2 1 1 1
1680 2 2 1 1 1
1681 2 2 1 1 1
1682 1 2 0 1 1
1683 1 5 10 1 1
1684 4 4 20 1 1
1685 2 1 0 1 1
1686 3 2 5 1 1
1687 2 2 1 1 1
1688 5 2 10 1 1
1689 2 2 1 1 1
1690 2 2 1 1 1
1691 3 4 10 1 1
1692 2 2 1 1 1
1693 1 2 0 1 1
1694 1 4 5 1 1
1695 4 1 5 1 1
1696 2 4 5 1 1
1697 2 1 0 1 1
1698 2 5 10 1 1
1699 2 2 1 1 1
1700 2 3 5 1 1
1701 1 2 0 1 1
1702 4 4 20 1 1
1703 1 4 5 1 1
1704 4 1 5 1 1
1705 4 1 5 1 1
1706 4 1 5 1 1
1707 3 4 10 1 1
1708 4 2 5 1 1
1709 2 2 1 1 1
1710 2 4 5 1 1
1711 1 3 5 1 1
1712 2 1 0 1 1
1713 2 1 0 1 1
1714 4 4 20 1 1
1715 2 4 5 1 1
1716 4 3 10 1 1
1717 1 1 1 1 1
1718 1 1 1 1 1
1719 2 2 1 1 1
1720 4 2 5 1 1
1721 4 4 20 1 1
1722 4 2 5 1 1
1723 2 4 5 1 1
1724 1 2 0 1 1
1725 4 4 20 1 1
1726 4 3 10 1 1
1727 1 1 1 1 1
1728 4 2 5 1 1
1729 3 4 10 1 1
1730 1 1 1 1 1
1731 1 2 0 1 1
1732 4 2 5 1 1
1733 1 4 5 1 1
1734 2 4 5 1 1
1735 2 4 5 1 1
1736 2 4 5 1 1
1737 2 2 1 1 1
1738 2 2 1 1 1
1739 1 4 5 1 1
1740 1 1 1 1 1
1741 1 3 5 1 1
1742 2 2 1 1 1
1743 3 3 20 1 1
1744 2 2 1 1 1
1745 1 2 0 1 1
1746 3 2 5 1 1
1747 1 2 0 1 1
1748 1 4 5 1 1
1749 1 2 0 1 1
1750 2 2 1 1 1
1751 2 1 0 1 1
1752 1 3 5 1 1
1753 2 4 5 1 1
1754 5 1 10 1 1
1755 1 2 0 1 1
1756 4 3 10 1 1
1757 2 5 10 1 1
1758 1 4 5 1 1
1759 2 1 0 1 1
1760 4 5 15 1 1
1761 1 4 5 1 1
1762 1 4 5 1 1
1763 4 1 5 1 1
1764 1 3 5 1 1
1765 1 2 0 1 1
1766 2 2 1 1 1
1767 4 2 5 1 1
1768 2 3 5 1 1
1769 2 2 1 1 1
1770 1 2 0 1 1
1771 1 4 5 1 1
1772 4 1 5 1 1
1773 3 2 5 1 1
1774 5 1 10 1 1
1775 2 1 0 1 1
1776 2 4 5 1 1
1777 1 2 0 1 1
1778 4 4 20 1 1
1779 1 1 1 1 1
1780 1 2 0 1 1
1781 4 3 10 1 1
1782 1 5 10 1 1
1783 1 1 1 1 1
1784 1 1 1 1 1
1785 4 4 20 1 1
1786 3 2 5 1 1
1787 1 2 0 1 1
1788 2 4 5 1 1
1789 1 2 0 1 1
1790 3 4 10 1 1
1791 1 4 5 1 1
1792 2 1 0 1 1
1793 4 4 20 1 1
1794 2 4 5 1 1
1795 1 2 0 1 1
1796 4 1 5 1 1
1797 3 4 10 1 1
1798 2 2 1 1 1
1799 4 4 20 1 1
1800 2 1 0 1 1
1801 2 2 1 1 1
1802 5 1 10 1 1
1803 5 1 10 1 1
1804 1 4 5 1 1
1805 2 1 0 1 1
1806 4 3 10 1 1
1807 2 1 0 1 1
1808 1 1 1 1 1
1809 2 3 5 1 1
1810 2 1 0 1 1
1811 1 2 0 1 1
1812 4 2 5 1 1
1813 4 3 10 1 1
1814 3 1 5 1 1
1815 4 2 5 1 1
1816 3 2 5 1 1
1817 1 1 1 1 1
1818 3 1 5 1 1
1819 1 3 5 1 1
1820 2 2 1 1 1
1821 2 2 1 1 1
1822 3 1 5 1 1
1823 2 1 0 1 1
1824 1 4 5 1 1
1825 1 1 1 1 1
1826 1 1 1 1 1
1827 2 1 0 1 1
1828 1 1 1 1 1
1829 2 2 1 1 1
1830 4 3 10 1 1
1831 2 1 0 1 1
1832 2 1 0 1 1
1833 1 1 1 1 1
1834 2 3 5 1 1
1835 2 5 10 1 1
1836 6 2 15 1 1
1837 4 4 20 1 1
1838 2 3 5 1 1
1839 2 1 0 1 1
1840 2 2 1 1 1
1841 1 4 5 1 1
1842 4 4 20 1 1
1843 3 1 5 1 1
1844 1 1 1 1 1
1845 3 2 5 1 1
1846 3 1 5 1 1
1847 1 2 0 1 1
1848 2 4 5 1 1
1849 2 1 0 1 1
1850 1 4 5 1 1
1851 5 2 10 1 1
1852 1 2 0 1 1
1853 1 4 5 1 1
1854 5 1 10 1 1
1855 1 1 1 1 1
1856 3 5 15 1 1
1857 2 1 0 1 1
1858 1 2 0 1 1
1859 3 2 5 1 1
1860 1 2 0 1 1
1861 2 2 1 1 1
1862 4 2 5 1 1
1863 1 1 1 1 1
1864 1 1 1 1 1
1865 2 4 5 1 1
1866 1 1 1 1 1
1867 4 5 15 1 1
1868 2 1 0 1 1
1869 4 1 5 1 1
1870 2 4 5 1 1
1871 1 2 0 1 1
1872 1 3 5 1 1
1873 4 4 20 1 1
1874 2 2 1 1 1
1875 3 2 5 1 1
1876 4 1 5 1 1
1877 2 1 0 1 1
1878 4 2 5 1 1
1879 1 4 5 1 1
1880 4 2 5 1 1
1881 4 1 5 1 1
1882 2 4 5 1 1
1883 3 2 5 1 1
1884 3 2 5 1 1
1885 3 4 10 1 1
1886 5 2 10 1 1
1887 2 2 1 1 1
1888 2 4 5 1 1
1889 1 1 1 1 1
1890 4 3 10 1 1
1891 2 3 5 1 1
1892 4 4 20 1 1
1893 4 3 10 1 1
1894 2 1 0 1 1
1895 4 2 5 1 1
1896 1 2 0 1 1
1897 2 1 0 1 1
1898 2 3 5 1 1
1899 2 2 1 1 1
1900 3 2 5 1 1
1901 1 2 0 1 1
1902 2 4 5 1 1
1903 1 3 5 1 1
1904 1 2 0 1 1
1905 3 1 5 1 1
1906 4 1 5 1 1
1907 4 2 5 1 1
1908 3 4 10 1 1
1909 2 2 1 1 1
1910 2 2 1 1 1
1911 1 2 0 1 1
1912 1 2 0 1 1
1913 2 1 0 1 1
1914 4 4 20 1 1
1915 1 1 1 1 1
1916 1 2 0 1 1
1917 4 2 5 1 1
1918 1 3 5 1 1
1919 1 2 0 1 1
1920 4 2 5 1 1
1921 1 2 0 1 1
1922 7 7 -1 1 1
1923 1 2 0 1 1
1924 4 2 5 1 1
1925 2 3 5 1 1
1926 2 3 5 1 1
1927 3 4 10 1 1
1928 1 2 0 1 1
1929 4 5 15 1 1
1930 1 2 0 1 1
1931 2 2 1 1 1
1932 2 1 0 1 1
1933 2 3 5 1 1
1934 2 2 1 1 1
1935 2 2 1 1 1
1936 2 4 5 1 1
1937 6 1 15 1 1
1938 5 4 15 1 1
1939 2 4 5 1 1
1940 4 2 5 1 1
1941 2 3 5 1 1
1942 1 3 5 1 1
1943 4 2 5 1 1
1944 2 2 1 1 1
1945 1 4 5 1 1
1946 2 1 0 1 1
1947 1 1 1 1 1
1948 2 3 5 1 1
1949 1 1 1 1 1
1950 4 4 20 1 1
1951 1 2 0 1 1
1952 1 1 1 1 1
1953 2 2 1 1 1
1954 1 2 0 1 1
1955 3 2 5 1 1
1956 1 1 1 1 1
1957 1 2 0 1 1
1958 1 1 1 1 1
1959 1 3 5 1 1
1960 5 2 10 1 1
1961 1 5 10 1 1
1962 3 2 5 1 1
1963 1 2 0 1 1
1964 3 2 5 1 1
1965 4 4 20 1 1
1966 4 1 5 1 1
1967 1 2 0 1 1
1968 1 1 1 1 1
1969 4 4 20 1 1
1970 1 1 1 1 1
1971 2 1 0 1 1
1972 1 3 5 1 1
1973 1 2 0 1 1
1974 1 4 5 1 1
1975 2 1 0 1 1
1976 2 4 5 1 1
1977 3 2 5 1 1
1978 4 2 5 1 1
1979 4 3 10 1 1
1980 3 5 15 1 1
1981 2 1 0 1 1
1982 1 2 0 1 1
1983 1 4 5 1 1
1984 1 2 0 1 1
1985 3 4 10 1 1
1986 3 4 10 1 1
1987 2 2 1 1 1
1988 1 1 1 1 1
1989 2 1 0 1 1
1990 1 4 5 1 1
1991 1 2 0 1 1
1992 1 3 5 1 1
1993 1 2 0 1 1
1994 3 2 5 1 1
1995 1 2 0 1 1
1996 2 3 5 1 1
1997 1 1 1 1 1
1998 1 4 5 1 1
1999 1 2 0 1 1
2000 4 1 5 1 1
2001 4 4 20 1 1
2002 2 1 0 1 1
2003 1 2 0 1 1
2004 2 1 0 1 1
2005 2 4 5 1 1
2006 1 2 0 1 1
2007 2 1 0 1 1
2008 1 2 0 1 1
2009 3 1 5 1 1
2010 1 3 5 1 1
2011 1 2 0 1 1
2012 2 2 1 1 1
2013 2 2 1 1 1
2014 2 4 5 1 1
2015 2 1 0 1 1
2016 1 1 1 1 1
2017 3 2 5 1 1
2018 2 3 5 1 1
2019 1 2 0 1 1
2020 1 2 0 1 1
2021 4 1 5 1 1
2022 2 1 0 1 1
2023 3 3 20 1 1
2024 4 2 5 1 1
2025 4 3 10 1 1
2026 4 2 5 1 1
2027 1 1 1 1 1
2028 1 1 1 1 1
2029 4 4 20 1 1
2030 1 4 5 1 1
2031 1 2 0 1 1
2032 2 2 1 1 1
2033 4 4 20 1 1
2034 2 2 1 1 1
2035 3 1 5 1 1
2036 1 1 1 1 1
2037 1 4 5 1 1
2038 2 4 5 1 1
2039 4 4 20 1 1
2040 1 2 0 1 1
2041 1 3 5 1 1
2042 4 4 20 1 1
2043 1 1 1 1 1
2044 1 2 0 1 1
2045 4 2 5 1 1
2046 4 2 5 1 1
2047 3 4 10 1 1
2048 2 4 5 1 1
2049 1 1 1 1 1
2050 2 1 0 1 1
2051 4 2 5 1 1
2052 2 1 0 1 1
2053 2 4 5 1 1
2054 2 4 5 1 1
2055 1 3 5 1 1
2056 4 3 10 1 1
2057 1 4 5 1 1
2058 2 2 1 1 1
2059 2 2 1 1 1
2060 1 1 1 1 1
2061 2 3 5 1 1
2062 1 1 1 1 1
2063 5 1 10 1 1
2064 2 1 0 1 1
2065 1 1 1 1 1
2066 4 4 20 1 1
2067 1 2 0 1 1
2068 2 1 0 1 1
2069 1 4 5 1 1
2070 2 1 0 1 1
2071 2 1 0 1 1
2072 2 4 5 1 1
2073 2 2 1 1 1
2074 4 2 5 1 1
2075 2 2 1 1 1
2076 3 5 15 1 1
2077 1 1 1 1 1
2078 1 4 5 1 1
2079 3 1 5 1 1
2080 5 2 10 1 1
2081 2 1 0 1 1
2082 1 2 0 1 1
2083 1 1 1 1 1
2084 1 2 0 1 1
2085 2 6 15 1 1
2086 3 4 10 1 1
2087 1 4 5 1 1
2088 2 4 5 1 1
2089 4 4 20 1 1
2090 3 4 10 1 1
2091 1 2 0 1 1
2092 1 2 0 1 1
2093 2 1 0 1 1
2094 1 1 1 1 1
2095 1 4 5 1 1
2096 1 4 5 1 1
2097 1 1 1 1 1
2098 5 1 10 1 1
2099 1 1 1 1 1
2100 4 2 5 1 1
2101 3 2 5 1 1
2102 4 4 20 1 1
2103 1 1 1 1 1
2104 1 1 1 1 1
2105 2 3 5 1 1
2106 2 4 5 1 1
2107 3 2 5 1 1
2108 1 1 1 1 1
2109 2 4 5 1 1
2110 4 4 20 1 1
2111 3 4 10 1 1
2112 2 1 0 1 1
2113 2 1 0 1 1
2114 1 2 0 1 1
2115 1 2 0 1 1
2116 2 1 0 1 1
2117 2 2 1 1 1
2118 4 2 5 1 1
2119 1 5 10 1 1
2120 3 2 5 1 1
2121 1 1 1 1 1
2122 1 2 0 1 1
2123 4 1 5 1 1
2124 1 1 1 1 1
2125 4 2 5 1 1
2126 2 2 1 1 1
2127 1 1 1 1 1
2128 2 1 0 1 1
2129 3 2 5 1 1
2130 2 2 1 1 1
2131 2 3 5 1 1
2132 5 1 10 1 1
2133 2 3 5 1 1
2134 3 2 5 1 1
2135 2 2 1 1 1
2136 4 1 5 1 1
2137 4 4 20 1 1
2138 2 2 1 1 1
2139 1 1 1 1 1
2140 1 6 15 1 1
2141 2 1 0 1 1
2142 2 2 1 1 1
2143 4 1 5 1 1
2144 1 4 5 1 1
2145 2 2 1 1 1
2146 2 4 5 1 1
2147 3 1 5 1 1
2148 2 1 0 1 1
2149 1 2 0 1 1
2150 2 1 0 1 1
2151 4 2 5 1 1
2152 1 2 0 1 1
2153 2 3 5 1 1
2154 3 2 5 1 1
2155 5 2 10 1 1
2156 2 2 1 1 1
2157 2 1 0 1 1
2158 2 2 1 1 1
2159 2 1 0 1 1
2160 1 2 0 1 1
2161 4 1 5 1 1
2162 3 1 5 1 1
2163 2 2 1 1 1
2164 2 4 5 1 1
2165 1 1 1 1 1
2166 4 2 5 1 1
2167 5 4 15 1 1
2168 2 1 0 1 1
2169 1 2 0 1 1
2170 3 1 5 1 1
2171 1 4 5 1 1
2172 1 2 0 1 1
2173 1 2 0 1 1
2174 2 1 0 1 1
2175 1 4 5 1 1
2176 4 2 5 1 1
2177 4 1 5 1 1
2178 4 2 5 1 1
2179 4 3 10 1 1
2180 4 1 5 1 1
2181 2 2 1 1 1
2182 2 2 1 1 1
2183 1 4 5 1 1
2184 1 1 1 1 1
2185 3 4 10 1 1
2186 1 3 5 1 1
2187 3 1 5 1 1
2188 1 1 1 1 1
2189 3 2 5 1 1
2190 1 4 5 1 1
2191 3 2 5 1 1
2192 2 3 5 1 1
2193 4 2 5 1 1
2194 4 1 5 1 1
2195 3 1 5 1 1
2196 1 1 1 1 1
2197 4 4 20 1 1
2198 2 1 0 1 1
2199 1 1 1 1 1
2200 2 4 5 1 1
2201 3 2 5 1 1
2202 1 3 5 1 1
2203 2 2 1 1 1
2204 1 4 5 1 1
2205 5 4 15 1 1
2206 2 2 1 1 1
2207 2 4 5 1 1
2208 2 5 10 1 1
2209 4 3 10 1 1
2210 2 2 1 1 1
2211 1 1 1 1 1
2212 1 2 0 1 1
2213 2 1 0 1 1
2214 2 1 0 1 1
2215 4 2 5 1 1
2216 1 1 1 1 1
2217 2 1 0 1 1
2218 2 2 1 1 1
2219 1 5 10 1 1
2220 2 1 0 1 1
2221 4 2 5 1 1
2222 4 4 20 1 1
2223 4 3 10 1 1
2224 3 4 10 1 1
2225 1 4 5 1 1
2226 4 4 20 1 1
2227 6 2 15 1 1
2228 2 1 0 1 1
2229 2 4 5 1 1
2230 2 2 1 1 1
2231 1 4 5 1 1
2232 2 1 0 1 1
2233 1 4 5 1 1
2234 4 4 20 1 1
2235 1 2 0 1 1
2236 1 2 0 1 1
2237 4 5 15 1 1
2238 4 2 5 1 1
2239 2 1 0 1 1
2240 4 1 5 1 1
2241 1 1 1 1 1
2242 4 4 20 1 1
2243 5 1 10 1 1
2244 1 2 0 1 1
2245 3 2 5 1 1
2246 1 1 1 1 1
2247 1 1 1 1 1
2248 4 2 5 1 1
2249 3 5 15 1 1
2250 4 3 10 1 1
2251 4 1 5 1 1
2252 1 1 1 1 1
2253 2 4 5 1 1
2254 2 2 1 1 1
2255 4 1 5 1 1
2256 4 1 5 1 1
2257 1 3 5 1 1
2258 2 3 5 1 1
2259 2 1 0 1 1
2260 1 2 0 1 1
2261 1 1 1 1 1
2262 4 2 5 1 1
2263 4 2 5 1 1
2264 2 2 1 1 1
2265 2 1 0 1 1
2266 2 1 0 1 1
2267 4 4 20 1 1
2268 2 4 5 1 1
2269 1 3 5 1 1
2270 3 2 5 1 1
2271 4 1 5 1 1
2272 4 2 5 1 1
2273 1 4 5 1 1
2274 2 4 5 1 1
2275 1 4 5 1 1
2276 2 2 1 1 1
2277 1 2 0 1 1
2278 2 3 5 1 1
2279 2 2 1 1 1
2280 2 1 0 1 1
2281 1 4 5 1 1
2282 2 2 1 1 1
2283 1 1 1 1 1
2284 4 2 5 1 1
2285 2 1 0 1 1
2286 2 2 1 1 1
2287 4 1 5 1 1
2288 2 4 5 1 1
2289 2 4 5 1 1
2290 4 2 5 1 1
2291 4 1 5 1 1
2292 2 2 1 1 1
2293 4 2 5 1 1
2294 6 1 15 1 1
2295 2 4 5 1 1
2296 1 2 0 1 1
2297 4 1 5 1 1
2298 2 4 5 1 1
2299 2 1 0 1 1
2300 2 2 1 1 1
2301 2 4 5 1 1
2302 2 1 0 1 1
2303 2 1 0 1 1
2304 4 1 5 1 1
2305 2 5 10 1 1
2306 4 1 5 1 1
2307 2 4 5 1 1
2308 4 1 5 1 1
2309 2 2 1 1 1
2310 2 2 1 1 1
2311 1 2 0 1 1
2312 2 1 0 1 1
2313 1 2 0 1 1
2314 2 1 0 1 1
2315 4 5 15 1 1
2316 1 4 5 1 1
2317 1 1 1 1 1
2318 2 1 0 1 1
2319 2 2 1 1 1
2320 2 4 5 1 1
2321 4 5 15 1 1
2322 1 2 0 1 1
2323 2 2 1 1 1
2324 2 4 5 1 1
2325 1 2 0 1 1
2326 1 1 1 1 1
2327 2 1 0 1 1
2328 4 1 5 1 1
2329 1 2 0 1 1
2330 4 4 20 1 1
2331 4 1 5 1 1
2332 1 2 0 1 1
2333 1 4 5 1 1
2334 2 1 0 1 1
2335 1 2 0 1 1
2336 2 4 5 1 1
2337 4 2 5 1 1
2338 1 1 1 1 1
2339 1 1 1 1 1
2340 3 1 5 1 1
2341 1 1 1 1 1
2342 4 1 5 1 1
2343 2 4 5 1 1
2344 3 4 10 1 1
2345 1 3 5 1 1
2346 2 4 5 1 1
2347 1 2 0 1 1
2348 2 4 5 1 1
2349 4 2 5 1 1
2350 1 4 5 1 1
2351 2 1 0 1 1
2352 3 1 5 1 1
2353 3 1 5 1 1
2354 3 2 5 1 1
2355 2 2 1 1 1
2356 1 2 0 1 1
2357 2 2 1 1 1
2358 3 4 10 1 1
2359 3 4 10 1 1
2360 1 1 1 1 1
2361 2 1 0 1 1
2362 4 1 5 1 1
2363 1 3 5 1 1
2364 1 2 0 1 1
2365 2 2 1 1 1
2366 1 2 0 1 1
2367 2 5 10 1 1
2368 3 1 5 1 1
2369 1 2 0 1 1
2370 2 2 1 1 1
2371 2 2 1 1 1
2372 1 3 5 1 1
2373 3 1 5 1 1
2374 1 2 0 1 1
2375 1 2 0 1 1
2376 2 2 1 1 1
2377 2 1 0 1 1
2378 1 2 0 1 1
2379 4 2 5 1 1
2380 3 1 5 1 1
2381 2 3 5 1 1
2382 1 1 1 1 1
2383 4 4 20 1 1
2384 2 2 1 1 1
2385 2 1 0 1 1
2386 3 3 20 1 1
2387 2 4 5 1 1
2388 3 2 5 1 1
2389 1 5 10 1 1
2390 1 2 0 1 1
2391 3 2 5 1 1
2392 1 5 10 1 1
2393 2 4 5 1 1
2394 3 2 5 1 1
2395 2 3 5 1 1
2396 1 3 5 1 1
2397 4 2 5 1 1
2398 3 3 20 1 1
2399 4 4 20 1 1
2400 4 5 15 1 1
2401 1 4 5 1 1
2402 2 1 0 1 1
2403 2 4 5 1 1
2404 1 4 5 1 1
2405 2 2 1 1 1
2406 1 3 5 1 1
2407 2 5 10 1 1
2408 4 1 5 1 1
2409 2 2 1 1 1
2410 2 1 0 1 1
2411 2 4 5 1 1
2412 1 1 1 1 1
2413 1 4 5 1 1
2414 2 1 0 1 1
2415 2 2 1 1 1
2416 4 6 20 1 1
2417 1 3 5 1 1
2418 1 4 5 1 1
2419 4 1 5 1 1
2420 1 1 1 1 1
2421 1 2 0 1 1
2422 4 3 10 1 1
2423 1 3 5 1 1
2424 1 1 1 1 1
2425 1 2 0 1 1
2426 4 1 5 1 1
2427 2 3 5 1 1
2428 2 3 5 1 1
2429 4 2 5 1 1
2430 1 2 0 1 1
2431 3 4 10 1 1
2432 1 4 5 1 1
2433 4 1 5 1 1
2434 1 1 1 1 1
2435 1 1 1 1 1
2436 2 2 1 1 1
2437 1 1 1 1 1
2438 3 1 5 1 1
2439 5 2 10 1 1
2440 4 2 5 1 1
2441 3 4 10 1 1
2442 1 1 1 1 1
2443 1 4 5 1 1
2444 2 1 0 1 1
2445 4 2 5 1 1
2446 4 2 5 1 1
2447 2 4 5 1 1
2448 3 2 5 1 1
2449 4 1 5 1 1
2450 1 5 10 1 1
2451 1 1 1 1 1
2452 2 4 5 1 1
2453 1 2 0 1 1
2454 2 2 1 1 1
2455 2 1 0 1 1
2456 1 2 0 1 1
2457 4 4 20 1 1
2458 5 4 15 1 1
2459 1 2 0 1 1
2460 2 2 1 1 1
2461 1 4 5 1 1
2462 2 1 0 1 1
2463 2 2 1 1 1
2464 2 4 5 1 1
2465 2 2 1 1 1
2466 1 1 1 1 1
2467 1 1 1 1 1
2468 2 4 5 1 1
2469 4 4 20 1 1
2470 1 2 0 1 1
2471 3 2 5 1 1
2472 4 2 5 1 1
2473 2 1 0 1 1
2474 1 1 1 1 1
2475 1 4 5 1 1
2476 5 2 10 1 1
2477 4 2 5 1 1
2478 4 2 5 1 1
2479 1 3 5 1 1
2480 4 2 5 1 1
2481 6 4 20 1 1
2482 2 2 1 1 1
2483 4 4 20 1 1
2484 4 2 5 1 1
2485 2 1 0 1 1
2486 4 1 5 1 1
2487 1 2 0 1 1
2488 4 2 5 1 1
2489 3 2 5 1 1
2490 1 2 0 1 1
2491 1 2 0 1 1
2492 3 2 5 1 1
2493 2 3 5 1 1
2494 7 7 -1 1 1
2495 1 2 0 1 1
2496 4 1 5 1 1
2497 1 1 1 1 1
2498 2 1 0 1 1
2499 2 2 1 1 1
2500 4 2 5 1 1
2501 2 1 0 1 1
2502 1 2 0 1 1
2503 2 2 1 1 1
2504 3 1 5 1 1
2505 4 3 10 1 1
2506 2 4 5 1 1
2507 4 5 15 1 1
2508 4 2 5 1 1
2509 2 2 1 1 1
2510 2 1 0 1 1
2511 1 1 1 1 1
2512 1 1 1 1 1
2513 2 4 5 1 1
2514 3 1 5 1 1
2515 1 2 0 1 1
2516 2 1 0 1 1
2517 1 5 10 1 1
2518 2 1 0 1 1
2519 1 1 1 1 1
2520 4 2 5 1 1
2521 1 1 1 1 1
2522 4 1 5 1 1
2523 1 2 0 1 1
2524 1 4 5 1 1
2525 3 4 10 1 1
2526 4 2 5 1 1
2527 1 4 5 1 1
2528 1 2 0 1 1
2529 2 1 0 1 1
2530 3 2 5 1 1
2531 2 2 1 1 1
2532 1 3 5 1 1
2533 2 1 0 1 1
2534 1 4 5 1 1
2535 5 3 15 1 1
2536 2 2 1 1 1
2537 2 4 5 1 1
2538 2 1 0 1 1
2539 4 3 10 1 1
2540 2 2 1 1 1
2541 4 4 20 1 1
2542 1 1 1 1 1
2543 2 2 1 1 1
2544 4 4 20 1 1
2545 4 1 5 1 1
2546 1 2 0 1 1
2547 2 2 1 1 1
2548 4 5 15 1 1
2549 2 1 0 1 1
2550 1 1 1 1 1
2551 1 1 1 1 1
2552 2 2 1 1 1
2553 2 1 0 1 1
2554 1 2 0 1 1
2555 1 4 5 1 1
2556 3 4 10 1 1
2557 1 1 1 1 1
2558 2 1 0 1 1
2559 1 1 1 1 1
2560 3 2 5 1 1
2561 1 1 1 1 1
2562 2 1 0 1 1
2563 1 2 0 1 1
2564 2 2 1 1 1
2565 1 1 1 1 1
2566 2 6 15 1 1
2567 1 3 5 1 1
2568 1 2 0 1 1
2569 1 2 0 1 1
2570 2 4 5 1 1
2571 5 2 10 1 1
2572 2 4 5 1 1
2573 1 2 0 1 1
2574 4 2 5 1 1
2575 4 4 20 1 1
2576 2 2 1 1 1
2577 4 4 20 1 1
2578 2 2 1 1 1
2579 2 1 0 1 1
2580 4 5 15 1 1
2581 1 2 0 1 1
2582 1 6 15 1 1
2583 2 3 5 1 1
2584 1 2 0 1 1
2585 1 1 1 1 1
2586 4 5 15 1 1
2587 1 1 1 1 1
2588 4 3 10 1 1
2589 2 2 1 1 1
2590 1 3 5 1 1
2591 3 1 5 1 1
2592 4 4 20 1 1
2593 4 3 10 1 1
2594 1 2 0 1 1
2595 7 7 -1 1 1
2596 4 2 5 1 1
2597 1 2 0 1 1
2598 1 3 5 1 1
2599 4 4 20 1 1
2600 2 2 1 1 1
2601 3 4 10 1 1
2602 3 4 10 1 1
2603 2 1 0 1 1
2604 2 1 0 1 1
2605 2 4 5 1 1
2606 2 2 1 1 1
2607 1 2 0 1 1
2608 2 1 0 1 1
2609 1 2 0 1 1
2610 1 2 0 1 1
2611 3 2 5 1 1
2612 2 3 5 1 1
2613 1 2 0 1 1
2614 1 1 1 1 1
2615 2 3 5 1 1
2616 3 4 10 1 1
2617 1 4 5 1 1
2618 1 1 1 1 1
2619 1 3 5 1 1
2620 2 2 1 1 1
2621 1 5 10 1 1
2622 4 1 5 1 1
2623 1 1 1 1 1
2624 1 5 10 1 1
2625 2 1 0 1 1
2626 4 1 5 1 1
2627 2 2 1 1 1
2628 1 3 5 1 1
2629 2 3 5 1 1
2630 4 3 10 1 1
2631 2 5 10 1 1
2632 2 2 1 1 1
2633 3 4 10 1 1
2634 2 3 5 1 1
2635 3 2 5 1 1
2636 2 2 1 1 1
2637 1 1 1 1 1
2638 2 1 0 1 1
2639 5 4 15 1 1
2640 4 1 5 1 1
2641 1 4 5 1 1
2642 2 4 5 1 1
2643 4 3 10 1 1
2644 2 2 1 1 1
2645 4 2 5 1 1
2646 2 2 1 1 1
2647 3 2 5 1 1
2648 2 2 1 1 1
2649 4 4 20 1 1
2650 4 1 5 1 1
2651 1 4 5 1 1
2652 4 1 5 1 1
2653 2 4 5 1 1
2654 2 4 5 1 1
2655 2 2 1 1 1
2656 1 4 5 1 1
2657 2 4 5 1 1
2658 1 1 1 1 1
2659 1 2 0 1 1
2660 2 2 1 1 1
2661 2 4 5 1 1
2662 1 2 0 1 1
2663 2 1 0 1 1
2664 2 2 1 1 1
2665 3 2 5 1 1
2666 3 5 15 1 1
2667 2 6 15 1 1
2668 1 4 5 1 1
2669 1 2 0 1 1
2670 1 4 5 1 1
2671 5 4 15 1 1
2672 1 1 1 1 1
2673 1 4 5 1 1
2674 1 2 0 1 1
2675 1 6 15 1 1
2676 3 3 20 1 1
2677 4 2 5 1 1
2678 2 2 1 1 1
2679 4 1 5 1 1
2680 5 4 15 1 1
2681 2 1 0 1 1
2682 3 3 20 1 1
2683 1 4 5 1 1
2684 4 2 5 1 1
2685 2 1 0 1 1
2686 1 2 0 1 1
2687 1 3 5 1 1
2688 1 4 5 1 1
2689 1 1 1 1 1
2690 1 1 1 1 1
2691 4 2 5 1 1
2692 3 4 10 1 1
2693 4 2 5 1 1
2694 1 2 0 1 1
2695 6 2 15 1 1
2696 1 2 0 1 1
2697 1 2 0 1 1
2698 4 2 5 1 1
2699 4 2 5 1 1
2700 2 1 0 1 1
2701 4 5 15 1 1
2702 1 4 5 1 1
2703 2 1 0 1 1
2704 2 2 1 1 1
2705 2 1 0 1 1
2706 1 1 1 1 1
2707 2 2 1 1 1
2708 1 2 0 1 1
2709 1 2 0 1 1
2710 1 4 5 1 1
2711 2 4 5 1 1
2712 1 2 0 1 1
2713 5 2 10 1 1
2714 1 1 1 1 1
2715 1 1 1 1 1
2716 1 2 0 1 1
2717 4 2 5 1 1
2718 2 4 5 1 1
2719 2 1 0 1 1
2720 2 1 0 1 1
2721 2 1 0 1 1
2722 1 4 5 1 1
2723 3 4 10 1 1
2724 3 1 5 1 1
2725 2 1 0 1 1
2726 2 1 0 1 1
2727 1 1 1 1 1
2728 2 5 10 1 1
2729 2 2 1 1 1
2730 2 1 0 1 1
2731 2 3 5 1 1
2732 1 1 1 1 1
2733 4 2 5 1 1
2734 2 4 5 1 1
2735 1 1 1 1 1
2736 4 2 5 1 1
2737 2 3 5 1 1
2738 3 4 10 1 1
2739 2 2 1 1 1
2740 2 4 5 1 1
2741 1 4 5 1 1
2742 4 2 5 1 1
2743 2 1 0 1 1
2744 4 4 20 1 1
2745 2 1 0 1 1
2746 2 1 0 1 1
2747 4 2 5 1 1
2748 1 2 0 1 1
2749 4 2 5 1 1
2750 2 1 0 1 1
2751 1 2 0 1 1
2752 3 4 10 1 1
2753 2 2 1 1 1
2754 4 2 5 1 1
2755 3 1 5 1 1
2756 1 2 0 1 1
2757 2 2 1 1 1
2758 1 4 5 1 1
2759 3 4 10 1 1
2760 2 1 0 1 1
2761 2 1 0 1 1
2762 4 4 20 1 1
2763 3 2 5 1 1
2764 4 4 20 1 1
2765 2 2 1 1 1
2766 3 1 5 1 1
2767 2 4 5 1 1
2768 4 1 5 1 1
2769 1 2 0 1 1
2770 2 2 1 1 1
2771 2 4 5 1 1
2772 2 2 1 1 1
2773 1 1 1 1 1
2774 4 4 20 1 1
2775 4 4 20 1 1
2776 2 2 1 1 1
2777 1 2 0 1 1
2778 1 1 1 1 1
2779 2 2 1 1 1
2780 2 2 1 1 1
2781 2 2 1 1 1
2782 3 1 5 1 1
2783 1 2 0 1 1
2784 2 4 5 1 1
2785 5 1 10 1 1
2786 1 4 5 1 1
2787 2 4 5 1 1
2788 2 3 5 1 1
2789 2 1 0 1 1
2790 1 2 0 1 1
2791 2 4 5 1 1
2792 3 1 5 1 1
2793 2 1 0 1 1
2794 2 2 1 1 1
2795 3 1 5 1 1
2796 1 2 0 1 1
2797 1 1 1 1 1
2798 4 4 20 1 1
2799 4 2 5 1 1
2800 2 1 0 1 1
2801 2 4 5 1 1
2802 1 1 1 1 1
2803 1 5 10 1 1
2804 1 1 1 1 1
2805 1 2 0 1 1
2806 1 1 1 1 1
2807 2 2 1 1 1
2808 3 2 5 1 1
2809 5 4 15 1 1
2810 4 1 5 1 1
2811 5 1 10 1 1
2812 5 2 10 1 1
2813 4 2 5 1 1
2814 1 1 1 1 1
2815 2 2 1 1 1
2816 2 1 0 1 1
2817 7 7 -1 1 1
2818 2 2 1 1 1
2819 4 2 5 1 1
2820 5 2 10 1 1
2821 3 3 20 1 1
2822 1 1 1 1 1
2823 1 2 0 1 1
2824 2 1 0 1 1
2825 2 1 0 1 1
2826 4 2 5 1 1
2827 2 2 1 1 1
2828 1 4 5 1 1
2829 3 1 5 1 1
2830 1 4 5 1 1
2831 3 4 10 1 1
2832 2 1 0 1 1
2833 1 3 5 1 1
2834 2 2 1 1 1
2835 2 5 10 1 1
2836 1 4 5 1 1
2837 1 2 0 1 1
2838 2 4 5 1 1
2839 1 1 1 1 1
2840 1 2 0 1 1
2841 3 2 5 1 1
2842 5 1 10 1 1
2843 2 2 1 1 1
2844 2 2 1 1 1
2845 3 1 5 1 1
2846 1 2 0 1 1
2847 1 1 1 1 1
2848 3 4 10 1 1
2849 1 2 0 1 1
2850 4 2 5 1 1
2851 1 1 1 1 1
2852 1 1 1 1 1
2853 5 2 10 1 1
2854 6 2 15 1 1
2855 1 1 1 1 1
2856 1 3 5 1 1
2857 1 4 5 1 1
2858 5 2 10 1 1
2859 1 4 5 1 1
2860 5 1 10 1 1
2861 1 2 0 1 1
2862 4 2 5 1 1
2863 3 3 20 1 1
2864 4 5 15 1 1
2865 3 2 5 1 1
2866 2 2 1 1 1
2867 1 4 5 1 1
2868 2 2 1 1 1
2869 4 2 5 1 1
2870 4 1 5 1 1
2871 1 1 1 1 1
2872 1 4 5 1 1
2873 1 4 5 1 1
2874 2 2 1 1 1
2875 4 1 5 1 1
2876 1 2 0 1 1
2877 1 3 5 1 1
2878 2 1 0 1 1
2879 1 1 1 1 1
2880 2 2 1 1 1
2881 1 4 5 1 1
2882 2 1 0 1 1
2883 1 1 1 1 1
2884 1 1 1 1 1
2885 1 2 0 1 1
2886 2 1 0 1 1
2887 4 2 5 1 1
2888 7 7 -1 1 1
2889 2 2 1 1 1
2890 2 4 5 1 1
2891 4 1 5 1 1
2892 4 2 5 1 1
2893 1 1 1 1 1
2894 1 2 0 1 1
2895 2 1 0 1 1
2896 2 5 10 1 1
2897 2 2 1 1 1
2898 1 5 10 1 1
2899 2 1 0 1 1
2900 1 2 0 1 1
2901 1 2 0 1 1
2902 1 3 5 1 1
2903 2 2 1 1 1
2904 2 2 1 1 1
2905 3 4 10 1 1
2906 1 2 0 1 1
2907 2 5 10 1 1
2908 2 5 10 1 1
2909 3 1 5 1 1
2910 1 2 0 1 1
2911 3 4 10 1 1
2912 1 2 0 1 1
2913 2 2 1 1 1
2914 4 1 5 1 1
2915 2 2 1 1 1
2916 2 1 0 1 1
2917 1 4 5 1 1
2918 2 1 0 1 1
2919 3 1 5 1 1
2920 1 4 5 1 1
2921 2 4 5 1 1
2922 1 2 0 1 1
2923 1 4 5 1 1
2924 3 2 5 1 1
2925 2 4 5 1 1
2926 1 1 1 1 1
2927 2 4 5 1 1
2928 2 2 1 1 1
2929 2 1 0 1 1
2930 2 2 1 1 1
2931 2 4 5 1 1
2932 1 4 5 1 1
2933 1 3 5 1 1
2934 4 1 5 1 1
2935 3 1 5 1 1
2936 1 4 5 1 1
2937 2 1 0 1 1
2938 1 2 0 1 1
2939 1 4 5 1 1
2940 5 2 10 1 1
2941 4 2 5 1 1
2942 4 2 5 1 1
2943 1 2 0 1 1
2944 1 1 1 1 1
2945 2 3 5 1 1
2946 2 1 0 1 1
2947 1 2 0 1 1
2948 1 2 0 1 1
2949 2 2 1 1 1
2950 2 1 0 1 1
2951 1 2 0 1 1
2952 4 2 5 1 1
2953 2 1 0 1 1
2954 1 1 1 1 1
2955 2 1 0 1 1
2956 2 3 5 1 1
2957 1 4 5 1 1
2958 3 2 5 1 1
2959 1 1 1 1 1
2960 1 1 1 1 1
2961 3 4 10 1 1
2962 4 4 20 1 1
2963 4 2 5 1 1
2964 2 4 5 1 1
2965 2 1 0 1 1
2966 4 3 10 1 1
2967 1 3 5 1 1
2968 1 4 5 1 1
2969 5 2 10 1 1
2970 5 4 15 1 1
2971 4 4 20 1 1
2972 2 1 0 1 1
2973 4 3 10 1 1
2974 4 4 20 1 1
2975 4 4 20 1 1
2976 4 2 5 1 1
2977 4 4 20 1 1
2978 1 1 1 1 1
2979 2 4 5 1 1
2980 1 2 0 1 1
2981 1 4 5 1 1
2982 1 1 1 1 1
2983 2 2 1 1 1
2984 3 2 5 1 1
2985 3 1 5 1 1
2986 2 4 5 1 1
2987 2 2 1 1 1
2988 1 3 5 1 1
2989 2 3 5 1 1
2990 3 2 5 1 1
2991 4 4 20 1 1
2992 4 2 5 1 1
2993 1 2 0 1 1
2994 1 4 5 1 1
2995 2 2 1 1 1
2996 4 2 5 1 1
2997 2 4 5 1 1
2998 2 4 5 1 1
2999 2 2 1 1 1
3000 1 3 5 1 1
3001 1 1 1 0 0
3002 2 4 5 0 0
3003 1 2 0 0 0
3004 4 1 5 0 0
3005 2 4 5 0 0
3006 2 2 1 0 0
3007 2 2 1 0 0
3008 1 2 0 0 0
3009 2 3 5 0 0
3010 4 2 5 0 0
3011 1 2 0 0 0
3012 1 2 0 0 0
3013 4 4 20 0 0
3014 2 4 5 0 0
3015 4 5 15 0 0
3016 2 5 10 0 0
3017 2 3 5 0 0
3018 4 2 5 0 0
3019 1 2 0 0 0
3020 4 4 20 0 0
3021 4 4 20 0 0
3022 5 4 15 0 0
3023 1 2 0 0 0
3024 4 1 5 0 0
3025 2 1 0 0 0
3026 2 1 0 0 0
3027 2 2 1 0 0
3028 4 4 20 0 0
3029 2 2 1 0 0
3030 1 1 1 0 0
3031 4 1 5 0 0
3032 2 4 5 0 0
3033 1 2 0 0 0
3034 1 4 5 0 0
3035 1 5 10 0 0
3036 4 2 5 0 0
3037 5 3 15 0 0
3038 2 3 5 0 0
3039 2 4 5 0 0
3040 4 2 5 0 0
3041 1 2 0 0 0
3042 3 2 5 0 0
3043 1 1 1 0 0
3044 2 1 0 0 0
3045 1 1 1 0 0
3046 2 1 0 0 0
3047 1 2 0 0 0
3048 3 4 10 0 0
3049 4 3 10 0 0
3050 2 2 1 0 0
3051 1 1 1 0 0
3052 1 1 1 0 0
3053 3 2 5 0 0
3054 4 4 20 0 0
3055 4 2 5 0 0
3056 1 3 5 0 0
3057 5 2 10 0 0
3058 1 2 0 0 0
3059 1 3 5 0 0
3060 2 2 1 0 0
3061 2 4 5 0 0
3062 2 2 1 0 0
3063 2 2 1 0 0
3064 4 5 15 0 0
3065 3 2 5 0 0
3066 2 1 0 0 0
3067 1 2 0 0 0
3068 5 1 10 0 0
3069 2 2 1 0 0
3070 4 2 5 0 0
3071 2 1 0 0 0
3072 2 1 0 0 0
3073 4 4 20 0 0
3074 5 4 15 0 0
3075 1 3 5 0 0
3076 1 1 1 0 0
3077 3 1 5 0 0
3078 4 4 20 0 0
3079 1 3 5 0 0
3080 2 2 1 0 0
3081 1 5 10 0 0
3082 2 5 10 0 0
3083 4 2 5 0 0
3084 2 2 1 0 0
3085 4 2 5 0 0
3086 1 3 5 0 0
3087 4 2 5 0 0
3088 1 4 5 0 0
3089 2 2 1 0 0
3090 3 4 10 0 0
3091 2 1 0 0 0
3092 4 5 15 0 0
3093 4 1 5 0 0
3094 2 1 0 0 0
3095 4 1 5 0 0
3096 2 4 5 0 0
3097 2 2 1 0 0
3098 1 4 5 0 0
3099 4 4 20 0 0
3100 5 2 10 0 0
3101 1 4 5 0 0
3102 1 2 0 0 0
3103 2 2 1 0 0
3104 1 1 1 0 0
3105 1 2 0 0 0
3106 5 2 10 0 0
3107 1 2 0 0 0
3108 4 2 5 0 0
3109 1 2 0 0 0
3110 2 4 5 0 0
3111 2 1 0 0 0
3112 3 2 5 0 0
3113 4 2 5 0 0
3114 3 3 20 0 0
3115 4 3 10 0 0
3116 4 1 5 0 0
3117 4 3 10 0 0
3118 1 2 0 0 0
3119 2 1 0 0 0
3120 2 2 1 0 0
3121 2 3 5 0 0
3122 2 3 5 0 0
3123 2 2 1 0 0
3124 4 3 10 0 0
3125 1 5 10 0 0
3126 4 3 10 0 0
3127 2 2 1 0 0
3128 1 1 1 0 0
3129 2 2 1 0 0
3130 2 1 0 0 0
3131 1 2 0 0 0
3132 1 3 5 0 0
3133 2 2 1 0 0
3134 2 1 0 0 0
3135 2 2 1 0 0
3136 2 4 5 0 0
3137 1 1 1 0 0
3138 3 1 5 0 0
3139 7 7 -1 0 0
3140 2 4 5 0 0
3141 4 4 20 0 0
3142 2 3 5 0 0
3143 2 3 5 0 0
3144 4 2 5 0 0
3145 4 3 10 0 0
3146 4 2 5 0 0
3147 4 4 20 0 0
3148 2 1 0 0 0
3149 1 4 5 0 0
3150 2 3 5 0 0
3151 4 4 20 0 0
3152 4 4 20 0 0
3153 3 6 20 0 0
3154 3 4 10 0 0
3155 2 1 0 0 0
3156 2 2 1 0 0
3157 1 4 5 0 0
3158 3 4 10 0 0
3159 4 4 20 0 0
3160 1 2 0 0 0
3161 2 2 1 0 0
3162 1 1 1 0 0
3163 1 2 0 0 0
3164 4 2 5 0 0
3165 1 1 1 0 0
3166 2 1 0 0 0
3167 4 4 20 0 0
3168 2 1 0 0 0
3169 1 4 5 0 0
3170 1 4 5 0 0
3171 4 3 10 0 0
3172 1 2 0 0 0
3173 1 3 5 0 0
3174 2 5 10 0 0
3175 4 1 5 0 0
3176 4 3 10 0 0
3177 5 3 15 0 0
3178 3 2 5 0 0
3179 5 1 10 0 0
3180 1 1 1 0 0
3181 2 5 10 0 0
3182 2 1 0 0 0
3183 2 3 5 0 0
3184 4 2 5 0 0
3185 4 1 5 0 0
3186 1 2 0 0 0
3187 2 1 0 0 0
3188 4 1 5 0 0
3189 1 1 1 0 0
3190 2 1 0 0 0
3191 2 2 1 0 0
3192 6 5 25 0 0
3193 2 2 1 0 0
3194 1 3 5 0 0
3195 2 3 5 0 0
3196 1 2 0 0 0
3197 1 2 0 0 0
3198 2 3 5 0 0
3199 1 4 5 0 0
3200 2 2 1 0 0
3201 2 4 5 0 0
3202 1 2 0 0 0
3203 4 3 10 0 0
3204 2 2 1 0 0
3205 4 2 5 0 0
3206 2 4 5 0 0
3207 5 2 10 0 0
3208 1 1 1 0 0
3209 1 2 0 0 0
3210 4 2 5 0 0
3211 2 2 1 0 0
3212 1 1 1 0 0
3213 2 1 0 0 0
3214 2 3 5 0 0
3215 4 1 5 0 0
3216 2 3 5 0 0
3217 1 4 5 0 0
3218 1 4 5 0 0
3219 4 1 5 0 0
3220 1 5 10 0 0
3221 1 4 5 0 0
3222 3 4 10 0 0
3223 2 2 1 0 0
3224 1 2 0 0 0
3225 1 2 0 0 0
3226 2 4 5 0 0
3227 4 3 10 0 0
3228 4 3 10 0 0
3229 4 2 5 0 0
3230 2 1 0 0 0
3231 3 2 5 0 0
3232 1 1 1 0 0
3233 3 3 20 0 0
3234 2 2 1 0 0
3235 2 3 5 0 0
3236 4 1 5 0 0
3237 2 3 5 0 0
3238 1 2 0 0 0
3239 2 4 5 0 0
3240 2 4 5 0 0
3241 4 1 5 0 0
3242 2 3 5 0 0
3243 4 1 5 0 0
3244 3 5 15 0 0
3245 2 4 5 0 0
3246 1 1 1 0 0
3247 2 4 5 0 0
3248 1 2 0 0 0
3249 1 3 5 0 0
3250 1 2 0 0 0
3251 2 2 1 0 0
3252 2 2 1 0 0
3253 2 1 0 0 0
3254 1 1 1 0 0
3255 1 4 5 0 0
3256 3 4 10 0 0
3257 1 3 5 0 0
3258 3 2 5 0 0
3259 2 2 1 0 0
3260 2 1 0 0 0
3261 2 1 0 0 0
3262 4 2 5 0 0
3263 1 5 10 0 0
3264 7 7 -1 0 0
3265 4 6 20 0 0
3266 4 2 5 0 0
3267 4 5 15 0 0
3268 1 2 0 0 0
3269 4 3 10 0 0
3270 2 2 1 0 0
3271 2 2 1 0 0
3272 2 2 1 0 0
3273 2 1 0 0 0
3274 3 2 5 0 0
3275 4 3 10 0 0
3276 4 2 5 0 0
3277 4 2 5 0 0
3278 1 2 0 0 0
3279 2 2 1 0 0
3280 1 3 5 0 0
3281 4 1 5 0 0
3282 3 2 5 0 0
3283 3 4 10 0 0
3284 4 4 20 0 0
3285 4 1 5 0 0
3286 3 1 5 0 0
3287 2 2 1 0 0
3288 4 3 10 0 0
3289 2 1 0 0 0
3290 4 4 20 0 0
3291 2 2 1 0 0
3292 3 1 5 0 0
3293 1 2 0 0 0
3294 2 1 0 0 0
3295 2 3 5 0 0
3296 2 4 5 0 0
3297 2 4 5 0 0
3298 2 1 0 0 0
3299 4 3 10 0 0
3300 1 2 0 0 0
3301 3 4 10 0 0
3302 2 1 0 0 0
3303 1 2 0 0 0
3304 3 2 5 0 0
3305 2 2 1 0 0
3306 2 2 1 0 0
3307 2 2 1 0 0
3308 4 2 5 0 0
3309 3 4 10 0 0
3310 3 2 5 0 0
3311 1 1 1 0 0
3312 4 1 5 0 0
3313 1 2 0 0 0
3314 2 4 5 0 0
3315 4 2 5 0 0
3316 4 4 20 0 0
3317 4 1 5 0 0
3318 5 1 10 0 0
3319 1 2 0 0 0
3320 2 2 1 0 0
3321 1 4 5 0 0
3322 2 1 0 0 0
3323 2 4 5 0 0
3324 2 1 0 0 0
3325 1 2 0 0 0
3326 4 3 10 0 0
3327 1 2 0 0 0
3328 2 4 5 0 0
3329 1 1 1 0 0
3330 4 5 15 0 0
3331 4 1 5 0 0
3332 2 1 0 0 0
3333 2 1 0 0 0
3334 4 2 5 0 0
3335 2 1 0 0 0
3336 2 4 5 0 0
3337 1 3 5 0 0
3338 2 1 0 0 0
3339 4 2 5 0 0
3340 2 2 1 0 0
3341 5 2 10 0 0
3342 2 1 0 0 0
3343 4 1 5 0 0
3344 2 2 1 0 0
3345 1 2 0 0 0
3346 2 3 5 0 0
3347 1 4 5 0 0
3348 4 2 5 0 0
3349 2 1 0 0 0
3350 4 1 5 0 0
3351 1 1 1 0 0
3352 2 4 5 0 0
3353 1 1 1 0 0
3354 4 4 20 0 0
3355 1 2 0 0 0
3356 1 4 5 0 0
3357 2 2 1 0 0
3358 4 1 5 0 0
3359 4 2 5 0 0
3360 2 4 5 0 0
3361 1 1 1 0 0
3362 2 2 1 0 0
3363 4 1 5 0 0
3364 4 1 5 0 0
3365 2 2 1 0 0
3366 1 2 0 0 0
3367 2 4 5 0 0
3368 1 4 5 0 0
3369 4 3 10 0 0
3370 2 1 0 0 0
3371 1 2 0 0 0
3372 2 4 5 0 0
3373 2 1 0 0 0
3374 3 2 5 0 0
3375 4 1 5 0 0
3376 2 1 0 0 0
3377 2 2 1 0 0
3378 3 1 5 0 0
3379 4 4 20 0 0
3380 2 4 5 0 0
3381 3 2 5 0 0
3382 2 1 0 0 0
3383 1 3 5 0 0
3384 3 1 5 0 0
3385 1 2 0 0 0
3386 4 4 20 0 0
3387 1 2 0 0 0
3388 4 2 5 0 0
3389 2 2 1 0 0
3390 1 2 0 0 0
3391 3 1 5 0 0
3392 4 3 10 0 0
3393 4 2 5 0 0
3394 4 3 10 0 0
3395 4 1 5 0 0
3396 2 2 1 0 0
3397 1 2 0 0 0
3398 2 3 5 0 0
3399 5 1 10 0 0
3400 2 2 1 0 0
3401 2 3 5 0 0
3402 2 1 0 0 0
3403 1 2 0 0 0
3404 2 5 10 0 0
3405 4 2 5 0 0
3406 2 1 0 0 0
3407 4 1 5 0 0
3408 3 2 5 0 0
3409 2 1 0 0 0
3410 3 1 5 0 0
3411 4 2 5 0 0
3412 1 2 0 0 0
3413 2 1 0 0 0
3414 1 4 5 0 0
3415 5 1 10 0 0
3416 3 4 10 0 0
3417 1 2 0 0 0
3418 2 1 0 0 0
3419 3 2 5 0 0
3420 1 2 0 0 0
3421 2 2 1 0 0
3422 4 2 5 0 0
3423 1 1 1 0 0
3424 4 2 5 0 0
3425 2 2 1 0 0
3426 1 1 1 0 0
3427 1 1 1 0 0
3428 4 3 10 0 0
3429 3 4 10 0 0
3430 1 5 10 0 0
3431 4 1 5 0 0
3432 4 4 20 0 0
3433 1 2 0 0 0
3434 4 1 5 0 0
3435 2 2 1 0 0
3436 2 2 1 0 0
3437 4 1 5 0 0
3438 2 4 5 0 0
3439 1 1 1 0 0
3440 2 4 5 0 0
3441 1 1 1 0 0
3442 2 4 5 0 0
3443 3 2 5 0 0
3444 1 4 5 0 0
3445 4 2 5 0 0
3446 1 2 0 0 0
3447 3 4 10 0 0
3448 2 4 5 0 0
3449 4 1 5 0 0
3450 5 2 10 0 0
3451 5 2 10 0 0
3452 2 4 5 0 0
3453 2 2 1 0 0
3454 2 1 0 0 0
3455 2 4 5 0 0
3456 1 5 10 0 0
3457 2 2 1 0 0
3458 4 1 5 0 0
3459 4 4 20 0 0
3460 2 4 5 0 0
3461 2 4 5 0 0
3462 3 2 5 0 0
3463 1 2 0 0 0
3464 2 4 5 0 0
3465 1 1 1 0 0
3466 5 2 10 0 0
3467 2 4 5 0 0
3468 2 4 5 0 0
3469 1 2 0 0 0
3470 3 2 5 0 0
3471 2 4 5 0 0
3472 1 2 0 0 0
3473 1 1 1 0 0
3474 2 2 1 0 0
3475 4 1 5 0 0
3476 1 1 1 0 0
3477 2 2 1 0 0
3478 2 1 0 0 0
3479 2 2 1 0 0
3480 2 1 0 0 0
3481 2 3 5 0 0
3482 2 1 0 0 0
3483 4 1 5 0 0
3484 4 1 5 0 0
3485 1 4 5 0 0
3486 2 1 0 0 0
3487 2 2 1 0 0
3488 2 3 5 0 0
3489 5 4 15 0 0
3490 4 2 5 0 0
3491 2 1 0 0 0
3492 2 3 5 0 0
3493 4 2 5 0 0
3494 1 2 0 0 0
3495 4 4 20 0 0
3496 1 2 0 0 0
3497 4 4 20 0 0
3498 4 2 5 0 0
3499 3 1 5 0 0
3500 2 4 5 0 0
3501 4 3 10 0 0
3502 1 2 0 0 0
3503 2 1 0 0 0
3504 4 2 5 0 0
3505 2 2 1 0 0
3506 4 4 20 0 0
3507 1 1 1 0 0
3508 2 1 0 0 0
3509 4 2 5 0 0
3510 2 1 0 0 0
3511 1 3 5 0 0
3512 4 2 5 0 0
3513 3 2 5 0 0
3514 2 1 0 0 0
3515 4 1 5 0 0
3516 2 2 1 0 0
3517 1 2 0 0 0
3518 2 4 5 0 0
3519 3 2 5 0 0
3520 1 1 1 0 0
3521 2 1 0 0 0
3522 2 1 0 0 0
3523 2 4 5 0 0
3524 2 2 1 0 0
3525 3 2 5 0 0
3526 1 2 0 0 0
3527 1 2 0 0 0
3528 1 6 15 0 0
3529 2 2 1 0 0
3530 4 1 5 0 0
3531 2 1 0 0 0
3532 2 4 5 0 0
3533 1 2 0 0 0
3534 1 1 1 0 0
3535 4 5 15 0 0
3536 4 4 20 0 0
3537 5 4 15 0 0
3538 1 1 1 0 0
3539 1 4 5 0 0
3540 2 4 5 0 0
3541 2 2 1 0 0
3542 2 2 1 0 0
3543 2 4 5 0 0
3544 1 1 1 0 0
3545 4 3 10 0 0
3546 4 1 5 0 0
3547 4 2 5 0 0
3548 2 2 1 0 0
3549 2 4 5 0 0
3550 4 1 5 0 0
3551 3 4 10 0 0
3552 2 5 10 0 0
3553 4 2 5 0 0
3554 1 5 10 0 0
3555 2 1 0 0 0
3556 2 2 1 0 0
3557 4 3 10 0 0
3558 2 2 1 0 0
3559 2 1 0 0 0
3560 4 4 20 0 0
3561 2 4 5 0 0
3562 4 1 5 0 0
3563 1 1 1 0 0
3564 1 1 1 0 0
3565 4 4 20 0 0
3566 2 1 0 0 0
3567 1 1 1 0 0
3568 3 4 10 0 0
3569 3 4 10 0 0
3570 4 4 20 0 0
3571 7 7 -1 0 0
3572 5 1 10 0 0
3573 1 1 1 0 0
3574 2 2 1 0 0
3575 2 1 0 0 0
3576 2 2 1 0 0
3577 3 1 5 0 0
3578 2 4 5 0 0
3579 3 1 5 0 0
3580 1 4 5 0 0
3581 2 2 1 0 0
3582 2 1 0 0 0
3583 2 3 5 0 0
3584 6 4 20 0 0
3585 1 1 1 0 0
3586 2 1 0 0 0
3587 1 4 5 0 0
3588 1 2 0 0 0
3589 4 1 5 0 0
3590 2 4 5 0 0
3591 2 1 0 0 0
3592 1 1 1 0 0
3593 2 2 1 0 0
3594 4 2 5 0 0
3595 4 2 5 0 0
3596 4 2 5 0 0
3597 4 2 5 0 0
3598 2 1 0 0 0
3599 5 2 10 0 0
3600 5 4 15 0 0
3601 2 1 0 0 0
3602 2 2 1 0 0
3603 2 2 1 0 0
3604 3 2 5 0 0
3605 1 2 0 0 0
3606 2 2 1 0 0
3607 4 2 5 0 0
3608 2 4 5 0 0
3609 4 5 15 0 0
3610 2 2 1 0 0
3611 2 1 0 0 0
3612 2 4 5 0 0
3613 2 1 0 0 0
3614 1 3 5 0 0
3615 2 1 0 0 0
3616 2 1 0 0 0
3617 2 1 0 0 0
3618 4 2 5 0 0
3619 6 2 15 0 0
3620 2 4 5 0 0
3621 4 2 5 0 0
3622 4 1 5 0 0
3623 1 1 1 0 0
3624 2 1 0 0 0
3625 2 2 1 0 0
3626 5 1 10 0 0
3627 1 4 5 0 0
3628 5 2 10 0 0
3629 2 2 1 0 0
3630 1 1 1 0 0
3631 4 2 5 0 0
3632 1 4 5 0 0
3633 4 1 5 0 0
3634 2 4 5 0 0
3635 2 2 1 0 0
3636 4 4 20 0 0
3637 4 2 5 0 0
3638 2 2 1 0 0
3639 3 2 5 0 0
3640 2 4 5 0 0
3641 4 1 5 0 0
3642 3 1 5 0 0
3643 2 3 5 0 0
3644 4 6 20 0 0
3645 3 4 10 0 0
3646 2 1 0 0 0
3647 3 2 5 0 0
3648 4 2 5 0 0
3649 2 2 1 0 0
3650 4 2 5 0 0
3651 5 4 15 0 0
3652 5 2 10 0 0
3653 2 4 5 0 0
3654 3 1 5 0 0
3655 2 2 1 0 0
3656 1 4 5 0 0
3657 4 4 20 0 0
3658 4 1 5 0 0
3659 4 1 5 0 0
3660 1 3 5 0 0
3661 4 5 15 0 0
3662 2 2 1 0 0
3663 4 2 5 0 0
3664 2 4 5 0 0
3665 3 4 10 0 0
3666 5 2 10 0 0
3667 2 2 1 0 0
3668 1 2 0 0 0
3669 2 4 5 0 0
3670 2 1 0 0 0
3671 4 2 5 0 0
3672 4 4 20 0 0
3673 4 5 15 0 0
3674 1 2 0 0 0
3675 1 4 5 0 0
3676 2 1 0 0 0
3677 2 2 1 0 0
3678 2 2 1 0 0
3679 4 1 5 0 0
3680 4 1 5 0 0
3681 2 4 5 0 0
3682 3 1 5 0 0
3683 3 4 10 0 0
3684 4 4 20 0 0
3685 4 2 5 0 0
3686 4 4 20 0 0
3687 1 2 0 0 0
3688 4 4 20 0 0
3689 4 1 5 0 0
3690 1 2 0 0 0
3691 2 2 1 0 0
3692 2 4 5 0 0
3693 2 1 0 0 0
3694 2 2 1 0 0
3695 4 1 5 0 0
3696 2 2 1 0 0
3697 4 2 5 0 0
3698 4 1 5 0 0
3699 2 1 0 0 0
3700 1 2 0 0 0
3701 2 1 0 0 0
3702 2 2 1 0 0
3703 4 2 5 0 0
3704 3 4 10 0 0
3705 3 1 5 0 0
3706 4 6 20 0 0
3707 1 4 5 0 0
3708 2 3 5 0 0
3709 1 2 0 0 0
3710 2 4 5 0 0
3711 4 2 5 0 0
3712 2 1 0 0 0
3713 3 2 5 0 0
3714 2 5 10 0 0
3715 4 1 5 0 0
3716 4 2 5 0 0
3717 5 4 15 0 0
3718 2 4 5 0 0
3719 4 2 5 0 0
3720 4 1 5 0 0
3721 1 4 5 0 0
3722 1 4 5 0 0
3723 4 2 5 0 0
3724 1 4 5 0 0
3725 4 4 20 0 0
3726 4 3 10 0 0
3727 2 1 0 0 0
3728 1 4 5 0 0
3729 2 3 5 0 0
3730 1 2 0 0 0
3731 4 2 5 0 0
3732 4 4 20 0 0
3733 1 2 0 0 0
3734 2 4 5 0 0
3735 2 2 1 0 0
3736 3 1 5 0 0
3737 2 4 5 0 0
3738 2 2 1 0 0
3739 2 1 0 0 0
3740 4 1 5 0 0
3741 4 3 10 0 0
3742 2 5 10 0 0
3743 4 4 20 0 0
3744 4 1 5 0 0
3745 4 2 5 0 0
3746 1 1 1 0 0
3747 2 2 1 0 0
3748 4 1 5 0 0
3749 1 4 5 0 0
3750 1 4 5 0 0
3751 1 5 10 0 0
3752 2 1 0 0 0
3753 2 4 5 0 0
3754 2 4 5 0 0
3755 1 2 0 0 0
3756 2 1 0 0 0
3757 1 1 1 0 0
3758 1 1 1 0 0
3759 2 3 5 0 0
3760 1 2 0 0 0
3761 4 4 20 0 0
3762 2 2 1 0 0
3763 4 1 5 0 0
3764 2 1 0 0 0
3765 1 4 5 0 0
3766 2 4 5 0 0
3767 4 2 5 0 0
3768 4 1 5 0 0
3769 2 2 1 0 0
3770 2 2 1 0 0
3771 3 3 20 0 0
3772 1 1 1 0 0
3773 4 1 5 0 0
3774 3 4 10 0 0
3775 4 5 15 0 0
3776 5 1 10 0 0
3777 7 7 -1 0 0
3778 2 4 5 0 0
3779 2 2 1 0 0
3780 2 3 5 0 0
3781 1 1 1 0 0
3782 4 1 5 0 0
3783 2 2 1 0 0
3784 2 1 0 0 0
3785 1 2 0 0 0
3786 4 4 20 0 0
3787 4 2 5 0 0
3788 1 1 1 0 0
3789 2 2 1 0 0
3790 4 2 5 0 0
3791 4 1 5 0 0
3792 2 4 5 0 0
3793 4 1 5 0 0
3794 3 4 10 0 0
3795 4 1 5 0 0
3796 1 2 0 0 0
3797 1 1 1 0 0
3798 1 3 5 0 0
3799 4 3 10 0 0
3800 1 4 5 0 0
3801 4 2 5 0 0
3802 4 2 5 0 0
3803 1 1 1 0 0
3804 2 2 1 0 0
3805 1 1 1 0 0
3806 1 1 1 0 0
3807 2 4 5 0 0
3808 2 4 5 0 0
3809 4 1 5 0 0
3810 4 1 5 0 0
3811 2 2 1 0 0
3812 4 1 5 0 0
3813 4 3 10 0 0
3814 2 2 1 0 0
3815 4 1 5 0 0
3816 4 4 20 0 0
3817 2 3 5 0 0
3818 2 1 0 0 0
3819 1 1 1 0 0
3820 1 5 10 0 0
3821 4 4 20 0 0
3822 6 4 20 0 0
3823 2 2 1 0 0
3824 4 1 5 0 0
3825 4 2 5 0 0
3826 1 1 1 0 0
3827 3 2 5 0 0
3828 2 2 1 0 0
3829 1 2 0 0 0
3830 1 1 1 0 0
3831 1 2 0 0 0
3832 4 4 20 0 0
3833 1 4 5 0 0
3834 3 1 5 0 0
3835 1 2 0 0 0
3836 4 2 5 0 0
3837 4 1 5 0 0
3838 1 1 1 0 0
3839 1 2 0 0 0
3840 2 2 1 0 0
3841 1 2 0 0 0
3842 2 1 0 0 0
3843 2 2 1 0 0
3844 2 1 0 0 0
3845 2 2 1 0 0
3846 2 3 5 0 0
3847 3 2 5 0 0
3848 2 2 1 0 0
3849 2 1 0 0 0
3850 2 4 5 0 0
3851 1 2 0 0 0
3852 2 1 0 0 0
3853 1 2 0 0 0
3854 1 1 1 0 0
3855 2 1 0 0 0
3856 1 6 15 0 0
3857 3 4 10 0 0
3858 2 4 5 0 0
3859 4 4 20 0 0
3860 1 2 0 0 0
3861 1 1 1 0 0
3862 2 1 0 0 0
3863 2 2 1 0 0
3864 1 2 0 0 0
3865 2 4 5 0 0
3866 3 1 5 0 0
3867 1 4 5 0 0
3868 6 4 20 0 0
3869 1 1 1 0 0
3870 4 4 20 0 0
3871 2 2 1 0 0
3872 1 1 1 0 0
3873 2 1 0 0 0
3874 2 3 5 0 0
3875 2 4 5 0 0
3876 4 2 5 0 0
3877 1 4 5 0 0
3878 4 2 5 0 0
3879 4 1 5 0 0
3880 3 1 5 0 0
3881 1 1 1 0 0
3882 5 2 10 0 0
3883 1 2 0 0 0
3884 1 2 0 0 0
3885 1 4 5 0 0
3886 1 1 1 0 0
3887 2 2 1 0 0
3888 4 2 5 0 0
3889 4 3 10 0 0
3890 4 4 20 0 0
3891 5 2 10 0 0
3892 1 1 1 0 0
3893 1 1 1 0 0
3894 2 2 1 0 0
3895 1 1 1 0 0
3896 4 1 5 0 0
3897 7 7 -1 0 0
3898 4 2 5 0 0
3899 1 2 0 0 0
3900 2 4 5 0 0
3901 1 2 0 0 0
3902 1 1 1 0 0
3903 4 1 5 0 0
3904 1 4 5 0 0
3905 4 2 5 0 0
3906 4 2 5 0 0
3907 2 1 0 0 0
3908 2 2 1 0 0
3909 4 2 5 0 0
3910 3 1 5 0 0
3911 7 7 -1 0 0
3912 3 2 5 0 0
3913 4 2 5 0 0
3914 4 3 10 0 0
3915 2 3 5 0 0
3916 4 1 5 0 0
3917 2 2 1 0 0
3918 3 2 5 0 0
3919 2 2 1 0 0
3920 2 2 1 0 0
3921 1 2 0 0 0
3922 2 3 5 0 0
3923 2 4 5 0 0
3924 2 2 1 0 0
3925 4 1 5 0 0
3926 2 1 0 0 0
3927 2 4 5 0 0
3928 2 2 1 0 0
3929 4 2 5 0 0
3930 2 1 0 0 0
3931 3 2 5 0 0
3932 4 1 5 0 0
3933 4 5 15 0 0
3934 1 2 0 0 0
3935 1 2 0 0 0
3936 2 1 0 0 0
3937 2 2 1 0 0
3938 1 3 5 0 0
3939 2 3 5 0 0
3940 2 3 5 0 0
3941 1 1 1 0 0
3942 2 1 0 0 0
3943 4 4 20 0 0
3944 5 1 10 0 0
3945 1 1 1 0 0
3946 2 3 5 0 0
3947 1 2 0 0 0
3948 2 1 0 0 0
3949 1 4 5 0 0
3950 2 2 1 0 0
3951 2 2 1 0 0
3952 2 2 1 0 0
3953 2 2 1 0 0
3954 2 4 5 0 0
3955 2 1 0 0 0
3956 2 2 1 0 0
3957 3 1 5 0 0
3958 4 2 5 0 0
3959 5 2 10 0 0
3960 2 2 1 0 0
3961 2 1 0 0 0
3962 2 4 5 0 0
3963 1 2 0 0 0
3964 1 4 5 0 0
3965 1 1 1 0 0
3966 4 3 10 0 0
3967 1 1 1 0 0
3968 2 2 1 0 0
3969 1 1 1 0 0
3970 4 4 20 0 0
3971 2 2 1 0 0
3972 1 1 1 0 0
3973 1 2 0 0 0
3974 4 1 5 0 0
3975 2 2 1 0 0
3976 2 4 5 0 0
3977 2 2 1 0 0
3978 5 1 10 0 0
3979 1 2 0 0 0
3980 4 2 5 0 0
3981 2 2 1 0 0
3982 2 4 5 0 0
3983 1 2 0 0 0
3984 4 1 5 0 0
3985 2 1 0 0 0
3986 2 1 0 0 0
3987 2 2 1 0 0
3988 2 5 10 0 0
3989 1 2 0 0 0
3990 1 1 1 0 0
3991 2 1 0 0 0
3992 2 2 1 0 0
3993 4 2 5 0 0
3994 1 2 0 0 0
3995 1 4 5 0 0
3996 4 1 5 0 0
3997 4 2 5 0 0
3998 4 2 5 0 0
3999 2 1 0 0 0
4000 3 4 10 0 0
4001 4 4 20 0 0
4002 2 2 1 0 0
4003 2 1 0 0 0
4004 4 2 5 0 0
4005 1 4 5 0 0
4006 4 2 5 0 0
4007 2 2 1 0 0
4008 2 4 5 0 0
4009 1 2 0 0 0
4010 1 1 1 0 0
4011 4 4 20 0 0
4012 2 2 1 0 0
4013 1 1 1 0 0
4014 4 1 5 0 0
4015 2 2 1 0 0
4016 4 4 20 0 0
4017 2 1 0 0 0
4018 1 3 5 0 0
4019 1 2 0 0 0
4020 2 1 0 0 0
4021 1 4 5 0 0
4022 2 2 1 0 0
4023 1 2 0 0 0
4024 1 1 1 0 0
4025 2 2 1 0 0
4026 2 1 0 0 0
4027 1 1 1 0 0
4028 4 1 5 0 0
4029 4 2 5 0 0
4030 2 1 0 0 0
4031 1 1 1 0 0
4032 2 4 5 0 0
4033 2 3 5 0 0
4034 4 2 5 0 0
4035 2 2 1 0 0
4036 2 4 5 0 0
4037 1 3 5 0 0
4038 4 2 5 0 0
4039 4 4 20 0 0
4040 2 4 5 0 0
4041 2 2 1 0 0
4042 4 5 15 0 0
4043 4 3 10 0 0
4044 3 2 5 0 0
4045 1 3 5 0 0
4046 2 1 0 0 0
4047 2 4 5 0 0
4048 4 2 5 0 0
4049 5 4 15 0 0
4050 3 2 5 0 0
4051 4 4 20 0 0
4052 5 4 15 0 0
4053 4 4 20 0 0
4054 1 2 0 0 0
4055 2 4 5 0 0
4056 1 4 5 0 0
4057 2 3 5 0 0
4058 2 2 1 0 0
4059 1 4 5 0 0
4060 2 2 1 0 0
4061 2 2 1 0 0
4062 2 4 5 0 0
4063 1 1 1 0 0
4064 2 1 0 0 0
4065 1 1 1 0 0
4066 2 2 1 0 0
4067 4 1 5 0 0
4068 1 1 1 0 0
4069 2 2 1 0 0
4070 4 1 5 0 0
4071 2 1 0 0 0
4072 2 2 1 0 0
4073 1 4 5 0 0
4074 3 2 5 0 0
4075 1 1 1 0 0
4076 2 1 0 0 0
4077 3 2 5 0 0
4078 4 1 5 0 0
4079 3 3 20 0 0
4080 4 4 20 0 0
4081 2 2 1 0 0
4082 1 4 5 0 0
4083 2 1 0 0 0
4084 1 2 0 0 0
4085 4 4 20 0 0
4086 2 2 1 0 0
4087 3 4 10 0 0
4088 4 1 5 0 0
4089 1 1 1 0 0
4090 3 1 5 0 0
4091 2 2 1 0 0
4092 2 2 1 0 0
4093 2 3 5 0 0
4094 1 1 1 0 0
4095 1 4 5 0 0
4096 1 4 5 0 0
4097 5 2 10 0 0
4098 1 3 5 0 0
4099 1 3 5 0 0
4100 2 4 5 0 0
4101 7 7 -1 0 0
4102 2 1 0 0 0
4103 2 1 0 0 0
4104 2 1 0 0 0
4105 1 1 1 0 0
4106 2 1 0 0 0
4107 1 1 1 0 0
4108 1 2 0 0 0
4109 2 2 1 0 0
4110 2 4 5 0 0
4111 2 3 5 0 0
4112 2 3 5 0 0
4113 1 2 0 0 0
4114 1 4 5 0 0
4115 2 4 5 0 0
4116 2 2 1 0 0
4117 1 2 0 0 0
4118 4 2 5 0 0
4119 2 2 1 0 0
4120 4 4 20 0 0
4121 3 4 10 0 0
4122 4 2 5 0 0
4123 3 4 10 0 0
4124 1 3 5 0 0
4125 2 1 0 0 0
4126 4 1 5 0 0
4127 2 1 0 0 0
4128 4 2 5 0 0
4129 2 1 0 0 0
4130 2 4 5 0 0
4131 4 4 20 0 0
4132 2 4 5 0 0
4133 4 4 20 0 0
4134 1 4 5 0 0
4135 4 1 5 0 0
4136 4 1 5 0 0
4137 2 4 5 0 0
4138 1 2 0 0 0
4139 2 2 1 0 0
4140 2 3 5 0 0
4141 1 4 5 0 0
4142 4 4 20 0 0
4143 2 2 1 0 0
4144 1 2 0 0 0
4145 3 1 5 0 0
4146 4 2 5 0 0
4147 4 1 5 0 0
4148 3 2 5 0 0
4149 2 4 5 0 0
4150 2 1 0 0 0
4151 2 2 1 0 0
4152 7 7 -1 0 0
4153 2 4 5 0 0
4154 4 2 5 0 0
4155 1 3 5 0 0
4156 4 2 5 0 0
4157 2 2 1 0 0
4158 3 3 20 0 0
4159 2 1 0 0 0
4160 1 1 1 0 0
4161 4 1 5 0 0
4162 1 2 0 0 0
4163 2 3 5 0 0
4164 1 1 1 0 0
4165 1 1 1 0 0
4166 2 1 0 0 0
4167 1 2 0 0 0
4168 2 4 5 0 0
4169 1 2 0 0 0
4170 2 2 1 0 0
4171 3 6 20 0 0
4172 2 2 1 0 0
4173 3 1 5 0 0
4174 1 1 1 0 0
4175 2 4 5 0 0
4176 1 1 1 0 0
4177 4 1 5 0 0
4178 4 4 20 0 0
4179 3 6 20 0 0
4180 4 2 5 0 0
4181 4 2 5 0 0
4182 2 2 1 0 0
4183 4 2 5 0 0
4184 1 2 0 0 0
4185 5 2 10 0 0
4186 2 3 5 0 0
4187 1 4 5 0 0
4188 3 3 20 0 0
4189 4 4 20 0 0
4190 4 2 5 0 0
4191 2 2 1 0 0
4192 2 4 5 0 0
4193 1 2 0 0 0
4194 1 2 0 0 0
4195 4 1 5 0 0
4196 2 2 1 0 0
4197 2 1 0 0 0
4198 4 2 5 0 0
4199 1 1 1 0 0
4200 2 4 5 0 0
4201 4 1 5 0 0
4202 2 4 5 0 0
4203 4 2 5 0 0
4204 2 1 0 0 0
4205 1 4 5 0 0
4206 3 4 10 0 0
4207 4 4 20 0 0
4208 3 4 10 0 0
4209 3 4 10 0 0
4210 3 2 5 0 0
4211 1 4 5 0 0
4212 4 2 5 0 0
4213 1 2 0 0 0
4214 1 2 0 0 0
4215 4 4 20 0 0
4216 3 1 5 0 0
4217 2 4 5 0 0
4218 3 3 20 0 0
4219 2 2 1 0 0
4220 1 2 0 0 0
4221 1 4 5 0 0
4222 4 1 5 0 0
4223 1 4 5 0 0
4224 3 4 10 0 0
4225 5 2 10 0 0
4226 2 1 0 0 0
4227 2 5 10 0 0
4228 1 2 0 0 0
4229 5 4 15 0 0
4230 4 1 5 0 0
4231 2 1 0 0 0
4232 1 2 0 0 0
4233 1 4 5 0 0
4234 2 2 1 0 0
4235 4 2 5 0 0
4236 2 2 1 0 0
4237 3 3 20 0 0
4238 2 1 0 0 0
4239 4 3 10 0 0
4240 2 1 0 0 0
4241 1 1 1 0 0
4242 2 2 1 0 0
4243 3 2 5 0 0
4244 4 2 5 0 0
4245 2 2 1 0 0
4246 7 7 -1 0 0
4247 4 1 5 0 0
4248 3 1 5 0 0
4249 1 4 5 0 0
4250 1 2 0 0 0
4251 1 4 5 0 0
4252 2 3 5 0 0
4253 1 4 5 0 0
4254 2 2 1 0 0
4255 3 2 5 0 0
4256 1 3 5 0 0
4257 1 2 0 0 0
4258 2 1 0 0 0
4259 2 1 0 0 0
4260 2 1 0 0 0
4261 2 1 0 0 0
4262 2 3 5 0 0
4263 2 1 0 0 0
4264 2 2 1 0 0
4265 2 4 5 0 0
4266 1 4 5 0 0
4267 2 2 1 0 0
4268 2 1 0 0 0
4269 1 2 0 0 0
4270 2 3 5 0 0
4271 2 1 0 0 0
4272 5 3 15 0 0
4273 2 1 0 0 0
4274 1 4 5 0 0
4275 1 1 1 0 0
4276 3 1 5 0 0
4277 4 3 10 0 0
4278 1 2 0 0 0
4279 4 2 5 0 0
4280 1 4 5 0 0
4281 4 2 5 0 0
4282 2 4 5 0 0
4283 2 1 0 0 0
4284 2 2 1 0 0
4285 2 2 1 0 0
4286 2 4 5 0 0
4287 1 1 1 0 0
4288 4 1 5 0 0
4289 1 1 1 0 0
4290 3 4 10 0 0
4291 1 5 10 0 0
4292 1 1 1 0 0
4293 2 2 1 0 0
4294 4 1 5 0 0
4295 2 2 1 0 0
4296 2 3 5 0 0
4297 4 5 15 0 0
4298 1 4 5 0 0
4299 3 1 5 0 0
4300 4 1 5 0 0
4301 4 1 5 0 0
4302 1 2 0 0 0
4303 4 2 5 0 0
4304 1 2 0 0 0
4305 1 4 5 0 0
4306 1 2 0 0 0
4307 1 2 0 0 0
4308 2 1 0 0 0
4309 4 4 20 0 0
4310 2 2 1 0 0
4311 2 4 5 0 0
4312 4 2 5 0 0
4313 1 2 0 0 0
4314 2 2 1 0 0
4315 1 2 0 0 0
4316 2 5 10 0 0
4317 1 4 5 0 0
4318 4 2 5 0 0
4319 2 1 0 0 0
4320 4 4 20 0 0
4321 4 4 20 0 0
4322 5 4 15 0 0
4323 2 2 1 0 0
4324 2 2 1 0 0
4325 2 4 5 0 0
4326 5 2 10 0 0
4327 1 2 0 0 0
4328 6 1 15 0 0
4329 3 1 5 0 0
4330 2 2 1 0 0
4331 2 3 5 0 0
4332 2 3 5 0 0
4333 2 3 5 0 0
4334 4 2 5 0 0
4335 1 1 1 0 0
4336 5 1 10 0 0
4337 4 2 5 0 0
4338 1 1 1 0 0
4339 4 4 20 0 0
4340 4 1 5 0 0
4341 4 1 5 0 0
4342 1 4 5 0 0
4343 4 1 5 0 0
4344 1 4 5 0 0
4345 2 2 1 0 0
4346 4 2 5 0 0
4347 1 2 0 0 0
4348 1 1 1 0 0
4349 1 4 5 0 0
4350 1 1 1 0 0
4351 4 1 5 0 0
4352 2 1 0 0 0
4353 1 1 1 0 0
4354 4 3 10 0 0
4355 4 2 5 0 0
4356 4 2 5 0 0
4357 4 3 10 0 0
4358 2 1 0 0 0
4359 4 4 20 0 0
4360 3 1 5 0 0
4361 4 4 20 0 0
4362 1 2 0 0 0
4363 1 1 1 0 0
4364 2 2 1 0 0
4365 1 1 1 0 0
4366 2 2 1 0 0
4367 4 2 5 0 0
4368 4 2 5 0 0
4369 4 4 20 0 0
4370 1 2 0 0 0
4371 2 4 5 0 0
4372 1 1 1 0 0
4373 2 1 0 0 0
4374 2 2 1 0 0
4375 1 1 1 0 0
4376 2 3 5 0 0
4377 5 4 15 0 0
4378 4 1 5 0 0
4379 1 1 1 0 0
4380 2 1 0 0 0
4381 2 4 5 0 0
4382 3 5 15 0 0
4383 1 4 5 0 0
4384 1 4 5 0 0
4385 2 4 5 0 0
4386 2 1 0 0 0
4387 2 4 5 0 0
4388 2 2 1 0 0
4389 6 1 15 0 0
4390 2 2 1 0 0
4391 2 3 5 0 0
4392 1 2 0 0 0
4393 2 4 5 0 0
4394 3 1 5 0 0
4395 1 1 1 0 0
4396 4 1 5 0 0
4397 4 4 20 0 0
4398 2 4 5 0 0
4399 2 4 5 0 0
4400 1 2 0 0 0
4401 4 1 5 0 0
4402 1 1 1 0 0
4403 1 2 0 0 0
4404 1 4 5 0 0
4405 4 4 20 0 0
4406 2 1 0 0 0
4407 2 4 5 0 0
4408 4 4 20 0 0
4409 5 2 10 0 0
4410 4 1 5 0 0
4411 4 1 5 0 0
4412 3 4 10 0 0
4413 1 1 1 0 0
4414 1 1 1 0 0
4415 1 1 1 0 0
4416 2 2 1 0 0
4417 1 3 5 0 0
4418 4 3 10 0 0
4419 2 4 5 0 0
4420 2 3 5 0 0
4421 1 2 0 0 0
4422 3 2 5 0 0
4423 2 1 0 0 0
4424 1 4 5 0 0
4425 2 2 1 0 0
4426 2 4 5 0 0
4427 4 3 10 0 0
4428 4 2 5 0 0
4429 4 2 5 0 0
4430 2 2 1 0 0
4431 1 2 0 0 0
4432 4 2 5 0 0
4433 4 2 5 0 0
4434 2 2 1 0 0
4435 1 4 5 0 0
4436 1 2 0 0 0
4437 2 2 1 0 0
4438 2 1 0 0 0
4439 2 4 5 0 0
4440 2 1 0 0 0
4441 4 2 5 0 0
4442 4 2 5 0 0
4443 4 2 5 0 0
4444 4 2 5 0 0
4445 1 2 0 0 0
4446 4 2 5 0 0
4447 2 3 5 0 0
4448 4 2 5 0 0
4449 1 2 0 0 0
4450 1 3 5 0 0
4451 5 2 10 0 0
4452 1 2 0 0 0
4453 1 2 0 0 0
4454 2 4 5 0 0
4455 4 4 20 0 0
4456 2 2 1 0 0
4457 2 2 1 0 0
4458 1 2 0 0 0
4459 2 2 1 0 0
4460 2 1 0 0 0
4461 2 4 5 0 0
4462 2 3 5 0 0
4463 2 4 5 0 0
4464 1 1 1 0 0
4465 2 2 1 0 0
4466 2 1 0 0 0
4467 2 2 1 0 0
4468 2 5 10 0 0
4469 2 1 0 0 0
4470 5 1 10 0 0
4471 2 4 5 0 0
4472 1 1 1 0 0
4473 1 1 1 0 0
4474 1 4 5 0 0
4475 4 4 20 0 0
4476 1 4 5 0 0
4477 2 2 1 0 0
4478 4 4 20 0 0
4479 4 1 5 0 0
4480 4 1 5 0 0
4481 4 2 5 0 0
4482 1 2 0 0 0
4483 1 2 0 0 0
4484 2 2 1 0 0
4485 2 2 1 0 0
4486 1 2 0 0 0
4487 4 1 5 0 0
4488 1 2 0 0 0
4489 1 4 5 0 0
4490 2 2 1 0 0
4491 4 2 5 0 0
4492 4 1 5 0 0
4493 5 2 10 0 0
4494 3 4 10 0 0
4495 3 1 5 0 0
4496 2 2 1 0 0
4497 2 2 1 0 0
4498 1 2 0 0 0
4499 4 1 5 0 0
4500 1 1 1 0 0
4501 4 1 5 0 2
4502 2 2 1 0 2
4503 4 4 20 0 2
4504 2 1 0 0 2
4505 2 1 0 0 2
4506 2 2 1 0 2
4507 1 3 5 0 2
4508 3 1 5 0 2
4509 3 2 5 0 2
4510 1 2 0 0 2
4511 2 1 0 0 2
4512 2 1 0 0 2
4513 4 4 20 0 2
4514 2 1 0 0 2
4515 4 4 20 0 2
4516 1 4 5 0 2
4517 2 4 5 0 2
4518 1 2 0 0 2
4519 1 1 1 0 2
4520 5 4 15 0 2
4521 4 3 10 0 2
4522 4 2 5 0 2
4523 3 2 5 0 2
4524 2 1 0 0 2
4525 2 1 0 0 2
4526 2 2 1 0 2
4527 1 1 1 0 2
4528 4 1 5 0 2
4529 2 4 5 0 2
4530 4 2 5 0 2
4531 2 1 0 0 2
4532 2 2 1 0 2
4533 1 2 0 0 2
4534 2 2 1 0 2
4535 2 1 0 0 2
4536 2 2 1 0 2
4537 1 1 1 0 2
4538 2 2 1 0 2
4539 2 2 1 0 2
4540 2 1 0 0 2
4541 3 5 15 0 2
4542 2 4 5 0 2
4543 2 3 5 0 2
4544 1 2 0 0 2
4545 1 4 5 0 2
4546 2 1 0 0 2
4547 1 2 0 0 2
4548 1 1 1 0 2
4549 4 2 5 0 2
4550 2 1 0 0 2
4551 4 1 5 0 2
4552 1 4 5 0 2
4553 1 5 10 0 2
4554 3 3 20 0 2
4555 2 4 5 0 2
4556 4 4 20 0 2
4557 2 1 0 0 2
4558 4 2 5 0 2
4559 2 2 1 0 2
4560 3 4 10 0 2
4561 1 2 0 0 2
4562 1 2 0 0 2
4563 4 2 5 0 2
4564 2 3 5 0 2
4565 5 1 10 0 2
4566 4 1 5 0 2
4567 4 5 15 0 2
4568 2 2 1 0 2
4569 1 1 1 0 2
4570 1 2 0 0 2
4571 2 3 5 0 2
4572 4 2 5 0 2
4573 4 2 5 0 2
4574 4 4 20 0 2
4575 1 4 5 0 2
4576 4 4 20 0 2
4577 2 3 5 0 2
4578 4 3 10 0 2
4579 1 1 1 0 2
4580 1 1 1 0 2
4581 2 2 1 0 2
4582 1 1 1 0 2
4583 4 2 5 0 2
4584 4 4 20 0 2
4585 1 1 1 0 2
4586 3 4 10 0 2
4587 1 2 0 0 2
4588 2 1 0 0 2
4589 4 1 5 0 2
4590 1 1 1 0 2
4591 4 1 5 0 2
4592 4 2 5 0 2
4593 1 2 0 0 2
4594 2 4 5 0 2
4595 4 2 5 0 2
4596 1 1 1 0 2
4597 2 1 0 0 2
4598 2 2 1 0 2
4599 4 4 20 0 2
4600 4 1 5 0 2
4601 4 3 10 0 2
4602 1 1 1 0 2
4603 1 2 0 0 2
4604 2 2 1 0 2
4605 1 1 1 0 2
4606 3 2 5 0 2
4607 4 5 15 0 2
4608 2 1 0 0 2
4609 2 1 0 0 2
4610 1 1 1 0 2
4611 5 2 10 0 2
4612 4 2 5 0 2
4613 3 6 20 0 2
4614 4 2 5 0 2
4615 5 4 15 0 2
4616 2 1 0 0 2
4617 4 5 15 0 2
4618 2 1 0 0 2
4619 2 4 5 0 2
4620 4 2 5 0 2
4621 2 2 1 0 2
4622 4 1 5 0 2
4623 2 2 1 0 2
4624 2 4 5 0 2
4625 2 4 5 0 2
4626 1 3 5 0 2
4627 2 2 1 0 2
4628 1 1 1 0 2
4629 1 4 5 0 2
4630 1 2 0 0 2
4631 1 2 0 0 2
4632 2 2 1 0 2
4633 2 2 1 0 2
4634 4 2 5 0 2
4635 2 2 1 0 2
4636 2 3 5 0 2
4637 4 2 5 0 2
4638 1 1 1 0 2
4639 1 4 5 0 2
4640 1 5 10 0 2
4641 4 2 5 0 2
4642 2 4 5 0 2
4643 1 2 0 0 2
4644 4 1 5 0 2
4645 2 4 5 0 2
4646 2 4 5 0 2
4647 4 1 5 0 2
4648 1 3 5 0 2
4649 2 4 5 0 2
4650 4 1 5 0 2
4651 3 1 5 0 2
4652 1 2 0 0 2
4653 4 4 20 0 2
4654 5 4 15 0 2
4655 2 1 0 0 2
4656 1 6 15 0 2
4657 2 1 0 0 2
4658 5 2 10 0 2
4659 3 3 20 0 2
4660 1 4 5 0 2
4661 2 2 1 0 2
4662 2 1 0 0 2
4663 1 2 0 0 2
4664 2 3 5 0 2
4665 1 2 0 0 2
4666 1 4 5 0 2
4667 4 1 5 0 2
4668 1 3 5 0 2
4669 4 2 5 0 2
4670 2 4 5 0 2
4671 4 4 20 0 2
4672 4 4 20 0 2
4673 1 4 5 0 2
4674 4 3 10 0 2
4675 4 4 20 0 2
4676 2 4 5 0 2
4677 4 2 5 0 2
4678 1 1 1 0 2
4679 1 1 1 0 2
4680 1 4 5 0 2
4681 3 1 5 0 2
4682 3 1 5 0 2
4683 2 4 5 0 2
4684 2 4 5 0 2
4685 4 1 5 0 2
4686 2 2 1 0 2
4687 1 3 5 0 2
4688 2 5 10 0 2
4689 1 2 0 0 2
4690 4 4 20 0 2
4691 1 2 0 0 2
4692 2 6 15 0 2
4693 2 2 1 0 2
4694 1 2 0 0 2
4695 4 4 20 0 2
4696 2 1 0 0 2
4697 1 4 5 0 2
4698 2 1 0 0 2
4699 3 2 5 0 2
4700 2 6 15 0 2
4701 2 2 1 0 2
4702 5 2 10 0 2
4703 4 1 5 0 2
4704 2 2 1 0 2
4705 2 1 0 0 2
4706 3 1 5 0 2
4707 4 4 20 0 2
4708 4 1 5 0 2
4709 4 3 10 0 2
4710 4 4 20 0 2
4711 1 1 1 0 2
4712 1 2 0 0 2
4713 4 3 10 0 2
4714 4 1 5 0 2
4715 1 2 0 0 2
4716 4 1 5 0 2
4717 3 1 5 0 2
4718 4 1 5 0 2
4719 4 1 5 0 2
4720 1 2 0 0 2
4721 4 4 20 0 2
4722 1 1 1 0 2
4723 4 2 5 0 2
4724 1 1 1 0 2
4725 2 1 0 0 2
4726 2 2 1 0 2
4727 3 1 5 0 2
4728 4 2 5 0 2
4729 5 1 10 0 2
4730 1 2 0 0 2
4731 3 1 5 0 2
4732 2 2 1 0 2
4733 2 2 1 0 2
4734 3 4 10 0 2
4735 2 2 1 0 2
4736 1 2 0 0 2
4737 2 2 1 0 2
4738 2 1 0 0 2
4739 2 4 5 0 2
4740 4 2 5 0 2
4741 1 1 1 0 2
4742 2 1 0 0 2
4743 5 4 15 0 2
4744 4 2 5 0 2
4745 2 2 1 0 2
4746 1 2 0 0 2
4747 1 2 0 0 2
4748 3 4 10 0 2
4749 1 1 1 0 2
4750 4 4 20 0 2
4751 2 3 5 0 2
4752 2 2 1 0 2
4753 2 3 5 0 2
4754 1 2 0 0 2
4755 4 1 5 0 2
4756 1 4 5 0 2
4757 5 2 10 0 2
4758 1 1 1 0 2
4759 1 2 0 0 2
4760 4 1 5 0 2
4761 4 3 10 0 2
4762 2 2 1 0 2
4763 4 1 5 0 2
4764 2 1 0 0 2
4765 1 3 5 0 2
4766 2 4 5 0 2
4767 2 1 0 0 2
4768 4 4 20 0 2
4769 1 2 0 0 2
4770 2 2 1 0 2
4771 4 2 5 0 2
4772 4 3 10 0 2
4773 2 2 1 0 2
4774 5 4 15 0 2
4775 2 4 5 0 2
4776 2 2 1 0 2
4777 2 2 1 0 2
4778 2 1 0 0 2
4779 1 2 0 0 2
4780 2 2 1 0 2
4781 1 1 1 0 2
4782 4 2 5 0 2
4783 1 2 0 0 2
4784 4 1 5 0 2
4785 4 4 20 0 2
4786 1 1 1 0 2
4787 4 1 5 0 2
4788 1 2 0 0 2
4789 4 2 5 0 2
4790 2 1 0 0 2
4791 4 1 5 0 2
4792 1 4 5 0 2
4793 4 1 5 0 2
4794 3 1 5 0 2
4795 4 1 5 0 2
4796 1 2 0 0 2
4797 4 1 5 0 2
4798 2 2 1 0 2
4799 5 4 15 0 2
4800 2 1 0 0 2
4801 2 1 0 0 2
4802 3 1 5 0 2
4803 4 2 5 0 2
4804 2 2 1 0 2
4805 1 3 5 0 2
4806 1 2 0 0 2
4807 1 3 5 0 2
4808 4 4 20 0 2
4809 6 2 15 0 2
4810 4 4 20 0 2
4811 1 2 0 0 2
4812 2 4 5 0 2
4813 4 1 5 0 2
4814 4 4 20 0 2
4815 2 4 5 0 2
4816 1 2 0 0 2
4817 1 4 5 0 2
4818 2 2 1 0 2
4819 4 2 5 0 2
4820 3 4 10 0 2
4821 2 1 0 0 2
4822 1 4 5 0 2
4823 2 1 0 0 2
4824 1 2 0 0 2
4825 3 1 5 0 2
4826 1 2 0 0 2
4827 3 2 5 0 2
4828 3 4 10 0 2
4829 1 2 0 0 2
4830 2 2 1 0 2
4831 2 1 0 0 2
4832 1 1 1 0 2
4833 5 1 10 0 2
4834 2 2 1 0 2
4835 5 1 10 0 2
4836 2 1 0 0 2
4837 1 2 0 0 2
4838 2 2 1 0 2
4839 4 2 5 0 2
4840 2 3 5 0 2
4841 2 4 5 0 2
4842 4 2 5 0 2
4843 4 3 10 0 2
4844 1 2 0 0 2
4845 4 1 5 0 2
4846 3 4 10 0 2
4847 4 1 5 0 2
4848 1 2 0 0 2
4849 4 1 5 0 2
4850 1 1 1 0 2
4851 2 2 1 0 2
4852 1 1 1 0 2
4853 1 2 0 0 2
4854 4 5 15 0 2
4855 5 1 10 0 2
4856 2 2 1 0 2
4857 2 2 1 0 2
4858 2 1 0 0 2
4859 4 3 10 0 2
4860 2 2 1 0 2
4861 2 2 1 0 2
4862 2 4 5 0 2
4863 4 4 20 0 2
4864 3 1 5 0 2
4865 1 2 0 0 2
4866 4 4 20 0 2
4867 2 2 1 0 2
4868 6 1 15 0 2
4869 2 1 0 0 2
4870 1 2 0 0 2
4871 2 2 1 0 2
4872 4 2 5 0 2
4873 2 1 0 0 2
4874 4 4 20 0 2
4875 2 2 1 0 2
4876 1 4 5 0 2
4877 4 2 5 0 2
4878 4 4 20 0 2
4879 2 1 0 0 2
4880 1 2 0 0 2
4881 1 4 5 0 2
4882 1 2 0 0 2
4883 2 1 0 0 2
4884 5 4 15 0 2
4885 2 3 5 0 2
4886 4 4 20 0 2
4887 3 4 10 0 2
4888 2 1 0 0 2
4889 4 2 5 0 2
4890 4 5 15 0 2
4891 1 1 1 0 2
4892 2 2 1 0 2
4893 2 2 1 0 2
4894 3 2 5 0 2
4895 1 2 0 0 2
4896 2 2 1 0 2
4897 2 2 1 0 2
4898 1 2 0 0 2
4899 4 2 5 0 2
4900 4 1 5 0 2
4901 2 1 0 0 2
4902 4 5 15 0 2
4903 3 4 10 0 2
4904 1 1 1 0 2
4905 5 2 10 0 2
4906 3 1 5 0 2
4907 2 1 0 0 2
4908 1 3 5 0 2
4909 1 2 0 0 2
4910 1 4 5 0 2
4911 2 1 0 0 2
4912 1 2 0 0 2
4913 1 1 1 0 2
4914 2 1 0 0 2
4915 4 4 20 0 2
4916 2 1 0 0 2
4917 4 4 20 0 2
4918 2 2 1 0 2
4919 4 2 5 0 2
4920 2 1 0 0 2
4921 2 1 0 0 2
4922 2 4 5 0 2
4923 2 2 1 0 2
4924 3 4 10 0 2
4925 4 4 20 0 2
4926 2 1 0 0 2
4927 4 4 20 0 2
4928 1 2 0 0 2
4929 2 1 0 0 2
4930 4 4 20 0 2
4931 2 1 0 0 2
4932 5 2 10 0 2
4933 1 1 1 0 2
4934 4 1 5 0 2
4935 2 2 1 0 2
4936 4 4 20 0 2
4937 1 1 1 0 2
4938 4 1 5 0 2
4939 4 1 5 0 2
4940 5 2 10 0 2
4941 6 1 15 0 2
4942 2 1 0 0 2
4943 4 1 5 0 2
4944 2 1 0 0 2
4945 1 2 0 0 2
4946 4 2 5 0 2
4947 4 2 5 0 2
4948 2 2 1 0 2
4949 4 1 5 0 2
4950 1 1 1 0 2
4951 2 1 0 0 2
4952 1 1 1 0 2
4953 2 1 0 0 2
4954 4 1 5 0 2
4955 3 1 5 0 2
4956 4 4 20 0 2
4957 4 1 5 0 2
4958 4 5 15 0 2
4959 5 1 10 0 2
4960 2 5 10 0 2
4961 2 4 5 0 2
4962 2 4 5 0 2
4963 4 4 20 0 2
4964 1 4 5 0 2
4965 2 1 0 0 2
4966 4 4 20 0 2
4967 1 2 0 0 2
4968 4 1 5 0 2
4969 4 3 10 0 2
4970 4 1 5 0 2
4971 2 2 1 0 2
4972 1 4 5 0 2
4973 1 1 1 0 2
4974 1 2 0 0 2
4975 1 2 0 0 2
4976 4 4 20 0 2
4977 2 4 5 0 2
4978 3 1 5 0 2
4979 2 2 1 0 2
4980 4 4 20 0 2
4981 2 2 1 0 2
4982 2 2 1 0 2
4983 2 1 0 0 2
4984 2 4 5 0 2
4985 2 1 0 0 2
4986 2 4 5 0 2
4987 4 4 20 0 2
4988 4 4 20 0 2
4989 2 1 0 0 2
4990 2 4 5 0 2
4991 3 1 5 0 2
4992 5 1 10 0 2
4993 4 4 20 0 2
4994 2 1 0 0 2
4995 1 4 5 0 2
4996 3 1 5 0 2
4997 1 4 5 0 2
4998 2 2 1 0 2
4999 4 4 20 0 2
5000 5 2 10 0 2
5001 2 2 1 0 2
5002 4 2 5 0 2
5003 4 4 20 0 2
5004 1 6 15 0 2
5005 2 1 0 0 2
5006 2 1 0 0 2
5007 4 1 5 0 2
5008 1 2 0 0 2
5009 1 2 0 0 2
5010 4 1 5 0 2
5011 2 2 1 0 2
5012 4 2 5 0 2
5013 4 2 5 0 2
5014 5 4 15 0 2
5015 4 1 5 0 2
5016 2 2 1 0 2
5017 1 1 1 0 2
5018 1 4 5 0 2
5019 2 5 10 0 2
5020 1 1 1 0 2
5021 1 2 0 0 2
5022 4 1 5 0 2
5023 5 1 10 0 2
5024 6 1 15 0 2
5025 1 2 0 0 2
5026 3 3 20 0 2
5027 4 2 5 0 2
5028 1 2 0 0 2
5029 2 1 0 0 2
5030 3 1 5 0 2
5031 5 4 15 0 2
5032 2 1 0 0 2
5033 2 1 0 0 2
5034 1 2 0 0 2
5035 4 4 20 0 2
5036 1 4 5 0 2
5037 2 1 0 0 2
5038 2 4 5 0 2
5039 4 4 20 0 2
5040 4 4 20 0 2
5041 4 4 20 0 2
5042 1 1 1 0 2
5043 1 1 1 0 2
5044 4 4 20 0 2
5045 2 1 0 0 2
5046 2 1 0 0 2
5047 2 1 0 0 2
5048 1 1 1 0 2
5049 1 4 5 0 2
5050 2 4 5 0 2
5051 3 4 10 0 2
5052 4 1 5 0 2
5053 3 2 5 0 2
5054 2 1 0 0 2
5055 2 2 1 0 2
5056 1 4 5 0 2
5057 4 2 5 0 2
5058 5 2 10 0 2
5059 1 3 5 0 2
5060 2 2 1 0 2
5061 3 1 5 0 2
5062 4 1 5 0 2
5063 2 1 0 0 2
5064 1 3 5 0 2
5065 2 2 1 0 2
5066 3 1 5 0 2
5067 2 1 0 0 2
5068 1 3 5 0 2
5069 4 4 20 0 2
5070 4 2 5 0 2
5071 1 2 0 0 2
5072 2 5 10 0 2
5073 1 1 1 0 2
5074 2 2 1 0 2
5075 2 2 1 0 2
5076 4 4 20 0 2
5077 1 3 5 0 2
5078 1 2 0 0 2
5079 1 1 1 0 2
5080 2 2 1 0 2
5081 4 2 5 0 2
5082 3 4 10 0 2
5083 2 2 1 0 2
5084 4 1 5 0 2
5085 1 6 15 0 2
5086 3 1 5 0 2
5087 2 2 1 0 2
5088 4 1 5 0 2
5089 2 1 0 0 2
5090 2 3 5 0 2
5091 2 2 1 0 2
5092 4 4 20 0 2
5093 3 4 10 0 2
5094 4 4 20 0 2
5095 1 2 0 0 2
5096 2 3 5 0 2
5097 2 3 5 0 2
5098 5 1 10 0 2
5099 5 2 10 0 2
5100 1 2 0 0 2
5101 1 2 0 0 2
5102 2 4 5 0 2
5103 1 1 1 0 2
5104 1 1 1 0 2
5105 6 4 20 0 2
5106 4 1 5 0 2
5107 4 2 5 0 2
5108 3 4 10 0 2
5109 2 4 5 0 2
5110 4 2 5 0 2
5111 2 2 1 0 2
5112 2 2 1 0 2
5113 4 2 5 0 2
5114 3 2 5 0 2
5115 1 2 0 0 2
5116 4 4 20 0 2
5117 1 1 1 0 2
5118 4 4 20 0 2
5119 4 2 5 0 2
5120 1 4 5 0 2
5121 4 3 10 0 2
5122 2 2 1 0 2
5123 4 4 20 0 2
5124 1 1 1 0 2
5125 3 2 5 0 2
5126 1 2 0 0 2
5127 2 2 1 0 2
5128 3 2 5 0 2
5129 1 5 10 0 2
5130 4 4 20 0 2
5131 1 2 0 0 2
5132 2 2 1 0 2
5133 3 2 5 0 2
5134 3 1 5 0 2
5135 4 2 5 0 2
5136 4 2 5 0 2
5137 1 2 0 0 2
5138 2 3 5 0 2
5139 2 2 1 0 2
5140 1 2 0 0 2
5141 2 4 5 0 2
5142 4 4 20 0 2
5143 4 6 20 0 2
5144 2 4 5 0 2
5145 2 2 1 0 2
5146 2 2 1 0 2
5147 4 1 5 0 2
5148 1 3 5 0 2
5149 2 4 5 0 2
5150 1 1 1 0 2
5151 1 1 1 0 2
5152 3 2 5 0 2
5153 1 1 1 0 2
5154 2 1 0 0 2
5155 2 3 5 0 2
5156 1 4 5 0 2
5157 4 2 5 0 2
5158 1 5 10 0 2
5159 1 4 5 0 2
5160 2 5 10 0 2
5161 4 4 20 0 2
5162 1 2 0 0 2
5163 4 2 5 0 2
5164 2 4 5 0 2
5165 1 4 5 0 2
5166 3 2 5 0 2
5167 2 1 0 0 2
5168 1 2 0 0 2
5169 1 4 5 0 2
5170 1 2 0 0 2
5171 4 2 5 0 2
5172 4 1 5 0 2
5173 1 2 0 0 2
5174 2 3 5 0 2
5175 2 4 5 0 2
5176 1 4 5 0 2
5177 4 2 5 0 2
5178 4 2 5 0 2
5179 7 7 -1 0 2
5180 2 1 0 0 2
5181 1 1 1 0 2
5182 4 1 5 0 2
5183 4 4 20 0 2
5184 4 2 5 0 2
5185 2 5 10 0 2
5186 2 2 1 0 2
5187 2 1 0 0 2
5188 2 4 5 0 2
5189 2 2 1 0 2
5190 4 2 5 0 2
5191 3 4 10 0 2
5192 2 6 15 0 2
5193 3 4 10 0 2
5194 1 2 0 0 2
5195 5 4 15 0 2
5196 4 4 20 0 2
5197 1 1 1 0 2
5198 4 4 20 0 2
5199 2 2 1 0 2
5200 1 1 1 0 2
5201 3 4 10 0 2
5202 4 2 5 0 2
5203 4 1 5 0 2
5204 1 2 0 0 2
5205 3 4 10 0 2
5206 3 2 5 0 2
5207 2 1 0 0 2
5208 2 4 5 0 2
5209 2 2 1 0 2
5210 1 1 1 0 2
5211 2 4 5 0 2
5212 2 6 15 0 2
5213 1 1 1 0 2
5214 3 2 5 0 2
5215 2 3 5 0 2
5216 1 3 5 0 2
5217 1 1 1 0 2
5218 2 3 5 0 2
5219 4 1 5 0 2
5220 4 2 5 0 2
5221 2 2 1 0 2
5222 2 2 1 0 2
5223 3 3 20 0 2
5224 1 1 1 0 2
5225 2 2 1 0 2
5226 2 1 0 0 2
5227 1 1 1 0 2
5228 4 2 5 0 2
5229 4 1 5 0 2
5230 1 1 1 0 2
5231 2 4 5 0 2
5232 2 1 0 0 2
5233 2 1 0 0 2
5234 1 1 1 0 2
5235 2 3 5 0 2
5236 4 2 5 0 2
5237 4 1 5 0 2
5238 2 2 1 0 2
5239 1 1 1 0 2
5240 2 3 5 0 2
5241 1 1 1 0 2
5242 2 1 0 0 2
5243 2 4 5 0 2
5244 2 3 5 0 2
5245 4 1 5 0 2
5246 1 4 5 0 2
5247 4 2 5 0 2
5248 2 4 5 0 2
5249 2 1 0 0 2
5250 4 1 5 0 2
5251 4 1 5 0 2
5252 2 6 15 0 2
5253 2 2 1 0 2
5254 4 2 5 0 2
5255 4 3 10 0 2
5256 4 4 20 0 2
5257 4 2 5 0 2
5258 1 1 1 0 2
5259 1 1 1 0 2
5260 1 3 5 0 2
5261 2 4 5 0 2
5262 4 4 20 0 2
5263 1 1 1 0 2
5264 1 2 0 0 2
5265 3 1 5 0 2
5266 4 4 20 0 2
5267 2 2 1 0 2
5268 2 4 5 0 2
5269 2 4 5 0 2
5270 1 1 1 0 2
5271 1 3 5 0 2
5272 4 1 5 0 2
5273 2 2 1 0 2
5274 4 2 5 0 2
5275 2 1 0 0 2
5276 1 4 5 0 2
5277 1 2 0 0 2
5278 2 1 0 0 2
5279 1 4 5 0 2
5280 4 4 20 0 2
5281 3 3 20 0 2
5282 2 4 5 0 2
5283 2 4 5 0 2
5284 1 2 0 0 2
5285 1 2 0 0 2
5286 1 2 0 0 2
5287 4 1 5 0 2
5288 3 4 10 0 2
5289 2 2 1 0 2
5290 2 1 0 0 2
5291 2 2 1 0 2
5292 1 1 1 0 2
5293 4 1 5 0 2
5294 3 3 20 0 2
5295 2 4 5 0 2
5296 2 4 5 0 2
5297 1 5 10 0 2
5298 4 1 5 0 2
5299 2 2 1 0 2
5300 3 5 15 0 2
5301 1 1 1 0 2
5302 1 4 5 0 2
5303 5 1 10 0 2
5304 1 1 1 0 2
5305 4 5 15 0 2
5306 2 2 1 0 2
5307 1 5 10 0 2
5308 4 4 20 0 2
5309 2 2 1 0 2
5310 1 5 10 0 2
5311 2 1 0 0 2
5312 2 1 0 0 2
5313 2 2 1 0 2
5314 4 2 5 0 2
5315 2 3 5 0 2
5316 4 4 20 0 2
5317 4 2 5 0 2
5318 4 2 5 0 2
5319 4 1 5 0 2
5320 2 1 0 0 2
5321 4 2 5 0 2
5322 1 2 0 0 2
5323 1 1 1 0 2
5324 1 3 5 0 2
5325 2 4 5 0 2
5326 2 2 1 0 2
5327 1 1 1 0 2
5328 1 2 0 0 2
5329 2 4 5 0 2
5330 2 3 5 0 2
5331 4 1 5 0 2
5332 4 4 20 0 2
5333 2 1 0 0 2
5334 2 4 5 0 2
5335 1 3 5 0 2
5336 1 2 0 0 2
5337 2 2 1 0 2
5338 1 1 1 0 2
5339 2 1 0 0 2
5340 1 2 0 0 2
5341 2 2 1 0 2
5342 4 2 5 0 2
5343 1 4 5 0 2
5344 1 1 1 0 2
5345 1 1 1 0 2
5346 1 1 1 0 2
5347 1 1 1 0 2
5348 1 3 5 0 2
5349 3 1 5 0 2
5350 2 1 0 0 2
5351 2 4 5 0 2
5352 2 2 1 0 2
5353 4 2 5 0 2
5354 1 4 5 0 2
5355 2 1 0 0 2
5356 4 1 5 0 2
5357 1 2 0 0 2
5358 2 2 1 0 2
5359 1 2 0 0 2
5360 6 1 15 0 2
5361 4 2 5 0 2
5362 3 2 5 0 2
5363 4 1 5 0 2
5364 4 2 5 0 2
5365 3 1 5 0 2
5366 2 2 1 0 2
5367 2 2 1 0 2
5368 4 2 5 0 2
5369 1 3 5 0 2
5370 2 2 1 0 2
5371 3 2 5 0 2
5372 2 2 1 0 2
5373 1 4 5 0 2
5374 3 2 5 0 2
5375 3 4 10 0 2
5376 2 4 5 0 2
5377 4 1 5 0 2
5378 4 6 20 0 2
5379 1 4 5 0 2
5380 4 1 5 0 2
5381 4 2 5 0 2
5382 4 4 20 0 2
5383 2 3 5 0 2
5384 1 4 5 0 2
5385 3 2 5 0 2
5386 4 2 5 0 2
5387 1 2 0 0 2
5388 4 5 15 0 2
5389 1 2 0 0 2
5390 2 4 5 0 2
5391 2 4 5 0 2
5392 3 1 5 0 2
5393 1 5 10 0 2
5394 2 5 10 0 2
5395 4 2 5 0 2
5396 2 1 0 0 2
5397 4 2 5 0 2
5398 1 4 5 0 2
5399 2 1 0 0 2
5400 2 2 1 0 2
5401 4 2 5 0 2
5402 4 3 10 0 2
5403 1 2 0 0 2
5404 2 2 1 0 2
5405 1 4 5 0 2
5406 1 1 1 0 2
5407 2 1 0 0 2
5408 3 4 10 0 2
5409 2 1 0 0 2
5410 1 5 10 0 2
5411 4 1 5 0 2
5412 4 1 5 0 2
5413 2 2 1 0 2
5414 1 1 1 0 2
5415 4 4 20 0 2
5416 3 3 20 0 2
5417 2 4 5 0 2
5418 1 3 5 0 2
5419 1 2 0 0 2
5420 2 2 1 0 2
5421 4 4 20 0 2
5422 1 2 0 0 2
5423 2 1 0 0 2
5424 4 2 5 0 2
5425 3 2 5 0 2
5426 1 2 0 0 2
5427 1 4 5 0 2
5428 1 4 5 0 2
5429 2 5 10 0 2
5430 4 1 5 0 2
5431 2 2 1 0 2
5432 2 4 5 0 2
5433 7 7 -1 0 2
5434 1 1 1 0 2
5435 4 1 5 0 2
5436 4 2 5 0 2
5437 4 2 5 0 2
5438 2 2 1 0 2
5439 2 2 1 0 2
5440 1 1 1 0 2
5441 4 1 5 0 2
5442 1 2 0 0 2
5443 3 2 5 0 2
5444 6 2 15 0 2
5445 2 1 0 0 2
5446 2 2 1 0 2
5447 4 2 5 0 2
5448 2 4 5 0 2
5449 1 1 1 0 2
5450 1 1 1 0 2
5451 2 4 5 0 2
5452 1 2 0 0 2
5453 2 1 0 0 2
5454 1 4 5 0 2
5455 4 2 5 0 2
5456 1 2 0 0 2
5457 2 4 5 0 2
5458 3 4 10 0 2
5459 2 2 1 0 2
5460 4 4 20 0 2
5461 1 2 0 0 2
5462 2 2 1 0 2
5463 1 4 5 0 2
5464 4 3 10 0 2
5465 1 2 0 0 2
5466 2 3 5 0 2
5467 2 1 0 0 2
5468 5 2 10 0 2
5469 2 3 5 0 2
5470 1 1 1 0 2
5471 4 1 5 0 2
5472 4 1 5 0 2
5473 1 1 1 0 2
5474 1 2 0 0 2
5475 3 2 5 0 2
5476 1 2 0 0 2
5477 1 2 0 0 2
5478 2 2 1 0 2
5479 1 1 1 0 2
5480 2 1 0 0 2
5481 1 1 1 0 2
5482 4 2 5 0 2
5483 1 2 0 0 2
5484 4 3 10 0 2
5485 5 2 10 0 2
5486 1 2 0 0 2
5487 5 1 10 0 2
5488 1 1 1 0 2
5489 1 2 0 0 2
5490 2 1 0 0 2
5491 1 2 0 0 2
5492 1 2 0 0 2
5493 2 2 1 0 2
5494 2 1 0 0 2
5495 4 2 5 0 2
5496 1 2 0 0 2
5497 2 1 0 0 2
5498 3 4 10 0 2
5499 2 2 1 0 2
5500 4 1 5 0 2
5501 2 2 1 0 2
5502 1 2 0 0 2
5503 2 1 0 0 2
5504 1 5 10 0 2
5505 2 4 5 0 2
5506 2 1 0 0 2
5507 4 3 10 0 2
5508 2 4 5 0 2
5509 4 1 5 0 2
5510 4 1 5 0 2
5511 1 2 0 0 2
5512 1 2 0 0 2
5513 3 2 5 0 2
5514 2 4 5 0 2
5515 2 5 10 0 2
5516 1 1 1 0 2
5517 2 1 0 0 2
5518 2 1 0 0 2
5519 4 2 5 0 2
5520 1 2 0 0 2
5521 3 2 5 0 2
5522 2 1 0 0 2
5523 3 1 5 0 2
5524 4 1 5 0 2
5525 4 4 20 0 2
5526 4 6 20 0 2
5527 4 3 10 0 2
5528 1 1 1 0 2
5529 4 4 20 0 2
5530 2 4 5 0 2
5531 1 1 1 0 2
5532 2 4 5 0 2
5533 2 2 1 0 2
5534 2 2 1 0 2
5535 4 2 5 0 2
5536 4 4 20 0 2
5537 4 2 5 0 2
5538 1 1 1 0 2
5539 4 2 5 0 2
5540 4 1 5 0 2
5541 4 1 5 0 2
5542 2 4 5 0 2
5543 4 2 5 0 2
5544 2 4 5 0 2
5545 3 3 20 0 2
5546 4 2 5 0 2
5547 5 1 10 0 2
5548 2 4 5 0 2
5549 4 4 20 0 2
5550 2 1 0 0 2
5551 4 2 5 0 2
5552 4 1 5 0 2
5553 2 4 5 0 2
5554 1 2 0 0 2
5555 2 4 5 0 2
5556 1 5 10 0 2
5557 1 1 1 0 2
5558 1 4 5 0 2
5559 2 2 1 0 2
5560 4 1 5 0 2
5561 4 2 5 0 2
5562 2 1 0 0 2
5563 1 4 5 0 2
5564 2 2 1 0 2
5565 2 3 5 0 2
5566 1 4 5 0 2
5567 4 1 5 0 2
5568 4 1 5 0 2
5569 4 1 5 0 2
5570 1 2 0 0 2
5571 4 2 5 0 2
5572 4 2 5 0 2
5573 3 4 10 0 2
5574 2 2 1 0 2
5575 4 4 20 0 2
5576 3 2 5 0 2
5577 4 4 20 0 2
5578 4 4 20 0 2
5579 1 1 1 0 2
5580 2 4 5 0 2
5581 1 4 5 0 2
5582 4 2 5 0 2
5583 1 2 0 0 2
5584 4 2 5 0 2
5585 4 2 5 0 2
5586 1 2 0 0 2
5587 5 2 10 0 2
5588 2 1 0 0 2
5589 1 1 1 0 2
5590 2 2 1 0 2
5591 2 1 0 0 2
5592 1 4 5 0 2
5593 4 4 20 0 2
5594 1 4 5 0 2
5595 1 2 0 0 2
5596 4 4 20 0 2
5597 4 1 5 0 2
5598 1 5 10 0 2
5599 1 2 0 0 2
5600 4 3 10 0 2
5601 2 1 0 0 2
5602 2 2 1 0 2
5603 4 1 5 0 2
5604 2 1 0 0 2
5605 4 4 20 0 2
5606 1 1 1 0 2
5607 4 4 20 0 2
5608 3 2 5 0 2
5609 2 4 5 0 2
5610 2 1 0 0 2
5611 1 4 5 0 2
5612 1 3 5 0 2
5613 2 2 1 0 2
5614 2 1 0 0 2
5615 2 1 0 0 2
5616 2 4 5 0 2
5617 1 1 1 0 2
5618 4 2 5 0 2
5619 1 4 5 0 2
5620 3 2 5 0 2
5621 1 2 0 0 2
5622 7 7 -1 0 2
5623 5 3 15 0 2
5624 4 1 5 0 2
5625 4 4 20 0 2
5626 1 2 0 0 2
5627 2 4 5 0 2
5628 1 2 0 0 2
5629 4 4 20 0 2
5630 1 4 5 0 2
5631 2 2 1 0 2
5632 2 3 5 0 2
5633 4 1 5 0 2
5634 2 2 1 0 2
5635 3 4 10 0 2
5636 1 1 1 0 2
5637 1 2 0 0 2
5638 1 2 0 0 2
5639 2 2 1 0 2
5640 2 2 1 0 2
5641 2 4 5 0 2
5642 2 2 1 0 2
5643 2 4 5 0 2
5644 2 5 10 0 2
5645 2 3 5 0 2
5646 4 2 5 0 2
5647 2 2 1 0 2
5648 1 4 5 0 2
5649 2 1 0 0 2
5650 2 2 1 0 2
5651 2 4 5 0 2
5652 1 4 5 0 2
5653 1 1 1 0 2
5654 4 1 5 0 2
5655 4 1 5 0 2
5656 1 2 0 0 2
5657 3 3 20 0 2
5658 1 2 0 0 2
5659 1 1 1 0 2
5660 1 2 0 0 2
5661 2 3 5 0 2
5662 2 2 1 0 2
5663 2 1 0 0 2
5664 1 4 5 0 2
5665 2 4 5 0 2
5666 2 1 0 0 2
5667 4 1 5 0 2
5668 2 1 0 0 2
5669 2 4 5 0 2
5670 3 2 5 0 2
5671 3 4 10 0 2
5672 3 1 5 0 2
5673 2 5 10 0 2
5674 1 3 5 0 2
5675 2 1 0 0 2
5676 2 4 5 0 2
5677 3 1 5 0 2
5678 1 1 1 0 2
5679 1 1 1 0 2
5680 4 1 5 0 2
5681 4 3 10 0 2
5682 1 4 5 0 2
5683 1 1 1 0 2
5684 1 2 0 0 2
5685 2 1 0 0 2
5686 4 1 5 0 2
5687 4 2 5 0 2
5688 2 2 1 0 2
5689 4 2 5 0 2
5690 4 1 5 0 2
5691 1 2 0 0 2
5692 1 1 1 0 2
5693 2 3 5 0 2
5694 4 2 5 0 2
5695 2 2 1 0 2
5696 1 2 0 0 2
5697 2 4 5 0 2
5698 1 1 1 0 2
5699 2 4 5 0 2
5700 2 1 0 0 2
5701 4 4 20 0 2
5702 2 1 0 0 2
5703 3 2 5 0 2
5704 4 1 5 0 2
5705 2 1 0 0 2
5706 4 2 5 0 2
5707 2 1 0 0 2
5708 1 4 5 0 2
5709 2 2 1 0 2
5710 1 2 0 0 2
5711 2 4 5 0 2
5712 1 1 1 0 2
5713 1 1 1 0 2
5714 4 2 5 0 2
5715 3 4 10 0 2
5716 3 4 10 0 2
5717 4 3 10 0 2
5718 3 1 5 0 2
5719 1 1 1 0 2
5720 1 3 5 0 2
5721 4 4 20 0 2
5722 2 1 0 0 2
5723 5 2 10 0 2
5724 2 1 0 0 2
5725 2 5 10 0 2
5726 4 2 5 0 2
5727 2 2 1 0 2
5728 2 2 1 0 2
5729 2 2 1 0 2
5730 2 2 1 0 2
5731 4 2 5 0 2
5732 1 2 0 0 2
5733 1 3 5 0 2
5734 4 4 20 0 2
5735 1 2 0 0 2
5736 4 1 5 0 2
5737 2 2 1 0 2
5738 4 1 5 0 2
5739 2 1 0 0 2
5740 2 4 5 0 2
5741 1 1 1 0 2
5742 1 1 1 0 2
5743 4 2 5 0 2
5744 4 1 5 0 2
5745 2 2 1 0 2
5746 2 1 0 0 2
5747 2 4 5 0 2
5748 3 2 5 0 2
5749 2 1 0 0 2
5750 4 5 15 0 2
5751 4 2 5 0 2
5752 1 2 0 0 2
5753 1 4 5 0 2
5754 3 1 5 0 2
5755 2 1 0 0 2
5756 1 2 0 0 2
5757 4 2 5 0 2
5758 4 1 5 0 2
5759 2 2 1 0 2
5760 4 2 5 0 2
5761 2 5 10 0 2
5762 2 2 1 0 2
5763 3 2 5 0 2
5764 1 1 1 0 2
5765 4 4 20 0 2
5766 4 4 20 0 2
5767 2 4 5 0 2
5768 3 4 10 0 2
5769 4 2 5 0 2
5770 1 2 0 0 2
5771 2 1 0 0 2
5772 4 3 10 0 2
5773 2 2 1 0 2
5774 3 2 5 0 2
5775 3 4 10 0 2
5776 3 1 5 0 2
5777 2 1 0 0 2
5778 1 2 0 0 2
5779 3 2 5 0 2
5780 2 2 1 0 2
5781 4 3 10 0 2
5782 4 2 5 0 2
5783 1 2 0 0 2
5784 2 4 5 0 2
5785 2 4 5 0 2
5786 4 2 5 0 2
5787 1 3 5 0 2
5788 1 3 5 0 2
5789 2 4 5 0 2
5790 4 2 5 0 2
5791 4 1 5 0 2
5792 1 1 1 0 2
5793 2 1 0 0 2
5794 4 2 5 0 2
5795 1 4 5 0 2
5796 2 3 5 0 2
5797 4 4 20 0 2
5798 3 2 5 0 2
5799 3 1 5 0 2
5800 2 2 1 0 2
5801 3 1 5 0 2
5802 2 1 0 0 2
5803 4 2 5 0 2
5804 4 1 5 0 2
5805 2 1 0 0 2
5806 3 1 5 0 2
5807 4 3 10 0 2
5808 2 4 5 0 2
5809 2 5 10 0 2
5810 1 1 1 0 2
5811 4 2 5 0 2
5812 1 1 1 0 2
5813 4 2 5 0 2
5814 2 4 5 0 2
5815 1 3 5 0 2
5816 2 3 5 0 2
5817 2 3 5 0 2
5818 2 5 10 0 2
5819 1 4 5 0 2
5820 4 4 20 0 2
5821 3 1 5 0 2
5822 2 2 1 0 2
5823 3 2 5 0 2
5824 3 2 5 0 2
5825 4 4 20 0 2
5826 5 2 10 0 2
5827 2 1 0 0 2
5828 2 2 1 0 2
5829 4 4 20 0 2
5830 4 4 20 0 2
5831 2 2 1 0 2
5832 1 2 0 0 2
5833 1 1 1 0 2
5834 4 2 5 0 2
5835 2 2 1 0 2
5836 1 4 5 0 2
5837 4 2 5 0 2
5838 4 1 5 0 2
5839 2 2 1 0 2
5840 2 1 0 0 2
5841 2 2 1 0 2
5842 3 2 5 0 2
5843 2 2 1 0 2
5844 2 4 5 0 2
5845 4 3 10 0 2
5846 2 2 1 0 2
5847 2 4 5 0 2
5848 2 4 5 0 2
5849 1 6 15 0 2
5850 1 2 0 0 2
5851 2 2 1 0 2
5852 1 2 0 0 2
5853 1 1 1 0 2
5854 2 1 0 0 2
5855 2 1 0 0 2
5856 1 1 1 0 2
5857 2 1 0 0 2
5858 1 3 5 0 2
5859 2 1 0 0 2
5860 2 1 0 0 2
5861 4 2 5 0 2
5862 1 4 5 0 2
5863 2 2 1 0 2
5864 4 1 5 0 2
5865 2 4 5 0 2
5866 4 2 5 0 2
5867 2 2 1 0 2
5868 2 3 5 0 2
5869 1 2 0 0 2
5870 1 4 5 0 2
5871 2 1 0 0 2
5872 2 2 1 0 2
5873 2 5 10 0 2
5874 4 1 5 0 2
5875 2 2 1 0 2
5876 2 1 0 0 2
5877 1 2 0 0 2
5878 2 2 1 0 2
5879 2 1 0 0 2
5880 1 5 10 0 2
5881 1 1 1 0 2
5882 1 2 0 0 2
5883 3 2 5 0 2
5884 2 1 0 0 2
5885 4 2 5 0 2
5886 1 3 5 0 2
5887 2 2 1 0 2
5888 5 2 10 0 2
5889 2 2 1 0 2
5890 4 1 5 0 2
5891 2 1 0 0 2
5892 2 2 1 0 2
5893 2 2 1 0 2
5894 2 4 5 0 2
5895 1 1 1 0 2
5896 1 4 5 0 2
5897 1 2 0 0 2
5898 1 4 5 0 2
5899 2 1 0 0 2
5900 1 4 5 0 2
5901 4 3 10 0 2
5902 4 1 5 0 2
5903 3 2 5 0 2
5904 1 4 5 0 2
5905 2 2 1 0 2
5906 1 2 0 0 2
5907 1 2 0 0 2
5908 4 2 5 0 2
5909 1 2 0 0 2
5910 2 2 1 0 2
5911 1 5 10 0 2
5912 4 2 5 0 2
5913 1 1 1 0 2
5914 4 2 5 0 2
5915 4 1 5 0 2
5916 4 4 20 0 2
5917 2 1 0 0 2
5918 2 3 5 0 2
5919 4 2 5 0 2
5920 3 2 5 0 2
5921 2 6 15 0 2
5922 1 1 1 0 2
5923 2 2 1 0 2
5924 2 2 1 0 2
5925 1 5 10 0 2
5926 2 1 0 0 2
5927 2 4 5 0 2
5928 1 2 0 0 2
5929 2 4 5 0 2
5930 2 2 1 0 2
5931 2 2 1 0 2
5932 1 1 1 0 2
5933 4 1 5 0 2
5934 1 2 0 0 2
5935 1 2 0 0 2
5936 1 2 0 0 2
5937 2 2 1 0 2
5938 4 2 5 0 2
5939 2 1 0 0 2
5940 4 2 5 0 2
5941 1 4 5 0 2
5942 4 1 5 0 2
5943 4 1 5 0 2
5944 3 1 5 0 2
5945 1 4 5 0 2
5946 1 4 5 0 2
5947 2 2 1 0 2
5948 2 4 5 0 2
5949 2 2 1 0 2
5950 2 1 0 0 2
5951 1 2 0 0 2
5952 2 1 0 0 2
5953 4 4 20 0 2
5954 1 3 5 0 2
5955 1 1 1 0 2
5956 2 1 0 0 2
5957 4 1 5 0 2
5958 4 1 5 0 2
5959 4 4 20 0 2
5960 4 1 5 0 2
5961 2 2 1 0 2
5962 2 2 1 0 2
5963 4 2 5 0 2
5964 2 1 0 0 2
5965 4 3 10 0 2
5966 3 2 5 0 2
5967 4 4 20 0 2
5968 1 1 1 0 2
5969 2 1 0 0 2
5970 2 2 1 0 2
5971 1 4 5 0 2
5972 2 2 1 0 2
5973 2 2 1 0 2
5974 3 4 10 0 2
5975 2 2 1 0 2
5976 4 1 5 0 2
5977 3 2 5 0 2
5978 3 1 5 0 2
5979 4 2 5 0 2
5980 4 1 5 0 2
5981 3 3 20 0 2
5982 6 2 15 0 2
5983 2 3 5 0 2
5984 4 2 5 0 2
5985 1 2 0 0 2
5986 1 2 0 0 2
5987 1 1 1 0 2
5988 2 1 0 0 2
5989 2 2 1 0 2
5990 1 4 5 0 2
5991 1 4 5 0 2
5992 1 1 1 0 2
5993 4 1 5 0 2
5994 3 4 10 0 2
5995 2 5 10 0 2
5996 4 1 5 0 2
5997 2 2 1 0 2
5998 2 4 5 0 2
5999 2 3 5 0 2
6000 4 3 10 0 2
